91 111
0.107545 0.154027 0.187137 0.180132 0.173127 0.166122 0.159116 0.152111 0.145106 0.138101 0.131096 0.124091 0.117085 0.129531 0.161428 0.193325 0.225222 0.257119 0.289016 0.320913 0.352810 0.384707 0.416604 0.448501 0.458259 0.460637 0.463016 0.465394 0.467772 0.470150 0.472529 0.474907 0.477285 0.479663 0.482041 0.395825 0.309608 0.223391 0.137174 0.050958 -0.035259 -0.121476 -0.207693 -0.293909 -0.380126 -0.425027 -0.345980 -0.266932 -0.187885 -0.108838 -0.029791 0.049257 0.128304 0.207351 0.286398 0.365445 0.386784 0.350413 0.314043 0.277672 0.241302 0.204931 0.168561 0.132190 0.095820 0.059450 0.023079 -0.000156 -0.019013 -0.037869 -0.056726 -0.075582 -0.094439 -0.113295 -0.132152 -0.151008 -0.169865 -0.188722 -0.184740 -0.180758 -0.176776 -0.172794 -0.168812 -0.164830 -0.160849 -0.156867 -0.152885 -0.148903 -0.146998 -0.151322 -0.155647 -0.159971 -0.164296 -0.168621 -0.172945 -0.177270 -0.181594 -0.185919 -0.190243 -0.170482 -0.126635 -0.082787 -0.038940 0.004907 0.048755 0.092602 0.136449 0.180297 0.224144 0.267991 0.280553
0.169010 0.211951 0.242866 0.237698 0.232531 0.227363 0.222195 0.217028 0.211860 0.206693 0.201525 0.196357 0.191190 0.201925 0.228563 0.255200 0.281838 0.308476 0.335113 0.361751 0.388389 0.415026 0.441664 0.468302 0.473168 0.470778 0.468387 0.465997 0.463606 0.461216 0.458825 0.456435 0.454044 0.451654 0.449263 0.372660 0.296056 0.219452 0.142848 0.066244 -0.010360 -0.086964 -0.163568 -0.240172 -0.316776 -0.356556 -0.285865 -0.215173 -0.144482 -0.073791 -0.003099 0.067592 0.138284 0.208975 0.279666 0.350358 0.368882 0.335240 0.301597 0.267955 0.234313 0.200670 0.167028 0.133386 0.099743 0.066101 0.032458 0.008783 -0.011571 -0.031925 -0.052278 -0.072632 -0.092985 -0.113339 -0.133692 -0.154046 -0.174399 -0.194753 -0.194859 -0.194965 -0.195071 -0.195177 -0.195284 -0.195390 -0.195496 -0.195602 -0.195708 -0.195814 -0.197467 -0.203758 -0.210050 -0.216342 -0.222633 -0.228925 -0.235216 -0.241508 -0.247800 -0.254091 -0.260383 -0.242926 -0.201720 -0.160513 -0.119307 -0.078101 -0.036895 0.004311 0.045517 0.086723 0.127929 0.169135 0.184872
0.230475 0.269876 0.298594 0.295264 0.291934 0.288604 0.285274 0.281944 0.278614 0.275284 0.271954 0.268624 0.265294 0.274318 0.295697 0.317075 0.338454 0.359832 0.381210 0.402589 0.423967 0.445345 0.466724 0.488102 0.488077 0.480918 0.473759 0.466600 0.459441 0.452281 0.445122 0.437963 0.430804 0.423645 0.416486 0.349494 0.282503 0.215512 0.148521 0.081530 0.014539 -0.052452 -0.119444 -0.186435 -0.253426 -0.288085 -0.225750 -0.163414 -0.101079 -0.038743 0.023592 0.085928 0.148263 0.210599 0.272934 0.335270 0.350981 0.320066 0.289152 0.258238 0.227323 0.196409 0.165495 0.134581 0.103666 0.072752 0.041838 0.017721 -0.004129 -0.025980 -0.047830 -0.069681 -0.091532 -0.113382 -0.135233 -0.157083 -0.178934 -0.200784 -0.204978 -0.209173 -0.213367 -0.217561 -0.221755 -0.225949 -0.230143 -0.234337 -0.238531 -0.242725 -0.247936 -0.256194 -0.264453 -0.272712 -0.280970 -0.289229 -0.297488 -0.305746 -0.314005 -0.322264 -0.330522 -0.315369 -0.276804 -0.238240 -0.199675 -0.161110 -0.122545 -0.083980 -0.045416 -0.006851 0.031714 0.070279 0.089191
0.291940 0.327800 0.354323 0.352830 0.351338 0.349846 0.348353 0.346861 0.345368 0.343876 0.342383 0.340891 0.339399 0.346712 0.362831 0.378950 0.395069 0.411188 0.427307 0.443426 0.459545 0.475664 0.491783 0.507902 0.502986 0.491058 0.479131 0.467203 0.455275 0.443347 0.431419 0.419491 0.407563 0.395636 0.383708 0.326329 0.268951 0.211573 0.154194 0.096816 0.039438 -0.017941 -0.075319 -0.132697 -0.190076 -0.219615 -0.165635 -0.111655 -0.057675 -0.003696 0.050284 0.104264 0.158243 0.212223 0.266203 0.320182 0.333079 0.304893 0.276707 0.248520 0.220334 0.192148 0.163962 0.135776 0.107589 0.079403 0.051217 0.026660 0.003312 -0.020035 -0.043383 -0.066730 -0.090078 -0.113426 -0.136773 -0.160121 -0.183468 -0.206816 -0.215098 -0.223380 -0.231662 -0.239944 -0.248226 -0.256508 -0.264790 -0.273072 -0.281354 -0.289637 -0.298405 -0.308630 -0.318856 -0.329082 -0.339307 -0.349533 -0.359759 -0.369985 -0.380210 -0.390436 -0.400662 -0.387813 -0.351889 -0.315966 -0.280042 -0.244119 -0.208195 -0.172272 -0.136348 -0.100424 -0.064501 -0.028577 -0.006490
0.353405 0.385725 0.410051 0.410397 0.410742 0.411087 0.411432 0.411777 0.412122 0.412468 0.412813 0.413158 0.413503 0.419105 0.429965 0.440825 0.451685 0.462544 0.473404 0.484264 0.495124 0.505983 0.516843 0.527703 0.517895 0.501199 0.484502 0.467806 0.451109 0.434413 0.417716 0.401019 0.384323 0.367626 0.350930 0.303164 0.255399 0.207633 0.159868 0.112102 0.064337 0.016571 -0.031195 -0.078960 -0.126726 -0.151144 -0.105520 -0.059896 -0.014272 0.031352 0.076975 0.122599 0.168223 0.213847 0.259471 0.305095 0.315178 0.289719 0.264261 0.238803 0.213345 0.187887 0.162429 0.136971 0.111513 0.086054 0.060596 0.035598 0.010754 -0.014091 -0.038935 -0.063780 -0.088624 -0.113469 -0.138313 -0.163158 -0.188003 -0.212847 -0.225217 -0.237587 -0.249957 -0.262327 -0.274697 -0.287067 -0.299438 -0.311808 -0.324178 -0.336548 -0.348874 -0.361066 -0.373259 -0.385452 -0.397645 -0.409837 -0.422030 -0.434223 -0.446416 -0.458609 -0.470801 -0.460257 -0.426974 -0.393692 -0.360410 -0.327127 -0.293845 -0.260563 -0.227280 -0.193998 -0.160716 -0.127434 -0.102171
0.414870 0.443649 0.465780 0.467963 0.470145 0.472328 0.474511 0.476694 0.478876 0.481059 0.483242 0.485425 0.487607 0.491499 0.497099 0.502700 0.508300 0.513901 0.519501 0.525102 0.530702 0.536302 0.541903 0.547503 0.532804 0.511339 0.489874 0.468409 0.446943 0.425478 0.404013 0.382548 0.361082 0.339617 0.318152 0.279999 0.241846 0.203694 0.165541 0.127388 0.089235 0.051083 0.012930 -0.025223 -0.063375 -0.082673 -0.045405 -0.008137 0.029131 0.066399 0.103667 0.140935 0.178203 0.215471 0.252739 0.290007 0.297276 0.274546 0.251816 0.229086 0.206356 0.183626 0.160896 0.138166 0.115436 0.092706 0.069976 0.044537 0.018195 -0.008146 -0.034488 -0.060829 -0.087171 -0.113512 -0.139854 -0.166195 -0.192537 -0.218878 -0.235336 -0.251795 -0.268253 -0.284711 -0.301169 -0.317627 -0.334085 -0.350543 -0.367001 -0.383459 -0.399342 -0.413502 -0.427662 -0.441822 -0.455982 -0.470142 -0.484301 -0.498461 -0.512621 -0.526781 -0.540941 -0.532700 -0.502059 -0.471418 -0.440777 -0.410136 -0.379495 -0.348854 -0.318213 -0.287572 -0.256931 -0.226290 -0.197852
0.476335 0.501574 0.521508 0.525529 0.529549 0.533569 0.537590 0.541610 0.545630 0.549651 0.553671 0.557691 0.561712 0.563892 0.564234 0.564575 0.564916 0.565257 0.565598 0.565939 0.566280 0.566621 0.566963 0.567304 0.547713 0.521480 0.495246 0.469012 0.442778 0.416544 0.390310 0.364076 0.337842 0.311608 0.285374 0.256834 0.228294 0.199754 0.171214 0.142674 0.114134 0.085594 0.057055 0.028515 -0.000025 -0.014202 0.014710 0.043622 0.072534 0.101446 0.130359 0.159271 0.188183 0.217095 0.246007 0.274919 0.279374 0.259372 0.239371 0.219369 0.199367 0.179365 0.159363 0.139361 0.119359 0.099357 0.079355 0.053475 0.025637 -0.002202 -0.030040 -0.057879 -0.085717 -0.113556 -0.141394 -0.169233 -0.197071 -0.224910 -0.245456 -0.266002 -0.286548 -0.307094 -0.327640 -0.348186 -0.368732 -0.389278 -0.409824 -0.430370 -0.449811 -0.465938 -0.482065 -0.498192 -0.514319 -0.530446 -0.546573 -0.562700 -0.578826 -0.594953 -0.611080 -0.605144 -0.577144 -0.549144 -0.521144 -0.493145 -0.465145 -0.437145 -0.409145 -0.381146 -0.353146 -0.325146 -0.293534
0.537800 0.559498 0.577237 0.583095 0.588953 0.594811 0.600669 0.606527 0.612384 0.618242 0.624100 0.629958 0.635816 0.636286 0.631368 0.626450 0.621531 0.616613 0.611695 0.606777 0.601859 0.596940 0.592022 0.587104 0.562623 0.531620 0.500617 0.469615 0.438612 0.407609 0.376607 0.345604 0.314601 0.283599 0.252596 0.233669 0.214742 0.195815 0.176888 0.157960 0.139033 0.120106 0.101179 0.082252 0.063325 0.054268 0.074825 0.095381 0.115937 0.136494 0.157050 0.177606 0.198163 0.218719 0.239275 0.259832 0.261473 0.244199 0.226925 0.209651 0.192377 0.175104 0.157830 0.140556 0.123282 0.106008 0.088734 0.062414 0.033079 0.003743 -0.025593 -0.054928 -0.084264 -0.113599 -0.142935 -0.172270 -0.201606 -0.230941 -0.255575 -0.280209 -0.304843 -0.329477 -0.354111 -0.378745 -0.403379 -0.428013 -0.452647 -0.477281 -0.500280 -0.518374 -0.536468 -0.554562 -0.572656 -0.590750 -0.608844 -0.626938 -0.645032 -0.663126 -0.681220 -0.677587 -0.652229 -0.626870 -0.601512 -0.576153 -0.550795 -0.525436 -0.500078 -0.474719 -0.449361 -0.424002 -0.389215
0.496492 0.516261 0.531823 0.534760 0.537696 0.540633 0.543570 0.546507 0.549443 0.552380 0.555317 0.558254 0.561190 0.558707 0.550804 0.542900 0.534997 0.527093 0.519190 0.511287 0.503383 0.495480 0.487576 0.479673 0.454867 0.424427 0.393987 0.363546 0.333106 0.302666 0.272226 0.241786 0.211346 0.180906 0.150466 0.141508 0.132550 0.123592 0.114634 0.105675 0.096717 0.087759 0.078801 0.069843 0.060885 0.057815 0.072408 0.087001 0.101595 0.116188 0.130781 0.145374 0.159967 0.174560 0.189153 0.203747 0.203426 0.188193 0.172959 0.157725 0.142491 0.127258 0.112024 0.096790 0.081556 0.066323 0.051089 0.024674 -0.005468 -0.035609 -0.065751 -0.095893 -0.126035 -0.156177 -0.186318 -0.216460 -0.246602 -0.276744 -0.294568 -0.312392 -0.330216 -0.348040 -0.365864 -0.383688 -0.401512 -0.419336 -0.437160 -0.454984 -0.470853 -0.480857 -0.490862 -0.500867 -0.510871 -0.520876 -0.530881 -0.540885 -0.550890 -0.560895 -0.570899 -0.564902 -0.542904 -0.520905 -0.498907 -0.476908 -0.454909 -0.432911 -0.410912 -0.388914 -0.366915 -0.344916 -0.314271
0.455184 0.473025 0.486409 0.486424 0.486440 0.486456 0.486471 0.486487 0.486502 0.486518 0.486534 0.486549 0.486565 0.481128 0.470240 0.459351 0.448462 0.437574 0.426685 0.415796 0.404908 0.394019 0.383130 0.372242 0.347111 0.317234 0.287356 0.257478 0.227601 0.197723 0.167846 0.137968 0.108090 0.078213 0.048335 0.049346 0.050357 0.051368 0.052379 0.053391 0.054402 0.055413 0.056424 0.057435 0.058446 0.061362 0.069992 0.078622 0.087252 0.095882 0.104512 0.113142 0.121772 0.130402 0.139032 0.147661 0.145380 0.132186 0.118993 0.105799 0.092605 0.079412 0.066218 0.053025 0.039831 0.026637 0.013444 -0.013066 -0.044014 -0.074962 -0.105910 -0.136858 -0.167806 -0.198754 -0.229702 -0.260650 -0.291598 -0.322546 -0.333560 -0.344574 -0.355588 -0.366602 -0.377616 -0.388630 -0.399644 -0.410658 -0.421672 -0.432686 -0.441425 -0.443340 -0.445256 -0.447171 -0.449087 -0.451002 -0.452917 -0.454833 -0.456748 -0.458663 -0.460579 -0.452217 -0.433579 -0.414940 -0.396301 -0.377662 -0.359024 -0.340385 -0.321746 -0.303108 -0.284469 -0.265830 -0.239327
0.413876 0.429788 0.440995 0.438089 0.435184 0.432278 0.429373 0.426467 0.423561 0.420656 0.417750 0.414845 0.411939 0.403549 0.389675 0.375802 0.361928 0.348054 0.334180 0.320306 0.306432 0.292558 0.278684 0.264810 0.239356 0.210040 0.180725 0.151410 0.122095 0.092780 0.063465 0.034150 0.004835 -0.024480 -0.053795 -0.042815 -0.031835 -0.020855 -0.009875 0.001106 0.012086 0.023066 0.034046 0.045026 0.056007 0.064908 0.067575 0.070242 0.072909 0.075576 0.078242 0.080909 0.083576 0.086243 0.088910 0.091576 0.087333 0.076180 0.065026 0.053873 0.042719 0.031566 0.020412 0.009259 -0.001894 -0.013048 -0.024201 -0.050805 -0.082560 -0.114314 -0.146068 -0.177823 -0.209577 -0.241331 -0.273086 -0.304840 -0.336594 -0.368349 -0.372553 -0.376757 -0.380960 -0.385164 -0.389368 -0.393572 -0.397776 -0.401980 -0.406184 -0.410388 -0.411997 -0.405823 -0.399650 -0.393476 -0.387302 -0.381128 -0.374954 -0.368780 -0.362606 -0.356432 -0.350258 -0.339532 -0.324253 -0.308975 -0.293696 -0.278417 -0.263138 -0.247860 -0.232581 -0.217302 -0.202023 -0.186744 -0.164384
0.372568 0.386551 0.395581 0.389754 0.383927 0.378101 0.372274 0.366447 0.360620 0.354794 0.348967 0.343140 0.337313 0.325970 0.309111 0.292252 0.275393 0.258534 0.241675 0.224816 0.207957 0.191097 0.174238 0.157379 0.131600 0.102847 0.074095 0.045342 0.016590 -0.012163 -0.040916 -0.069668 -0.098421 -0.127173 -0.155926 -0.134977 -0.114027 -0.093078 -0.072129 -0.051179 -0.030230 -0.009281 0.011669 0.032618 0.053567 0.068455 0.065159 0.061862 0.058566 0.055270 0.051973 0.048677 0.045380 0.042084 0.038788 0.035491 0.029286 0.020173 0.011060 0.001947 -0.007167 -0.016280 -0.025393 -0.034507 -0.043620 -0.052733 -0.061846 -0.088545 -0.121106 -0.153666 -0.186227 -0.218788 -0.251348 -0.283909 -0.316469 -0.349030 -0.381591 -0.414151 -0.411545 -0.408939 -0.406333 -0.403727 -0.401121 -0.398514 -0.395908 -0.393302 -0.390696 -0.388090 -0.382570 -0.368307 -0.354043 -0.339780 -0.325517 -0.311254 -0.296991 -0.282728 -0.268464 -0.254201 -0.239938 -0.226847 -0.214928 -0.203009 -0.191090 -0.179172 -0.167253 -0.155334 -0.143415 -0.131496 -0.119577 -0.107659 -0.089440
0.331260 0.343314 0.350167 0.341419 0.332671 0.323923 0.315175 0.306427 0.297679 0.288931 0.280183 0.271436 0.262688 0.248392 0.228547 0.208703 0.188858 0.169014 0.149170 0.129325 0.109481 0.089637 0.069792 0.049948 0.023844 -0.004346 -0.032536 -0.060726 -0.088916 -0.117106 -0.145296 -0.173486 -0.201676 -0.229866 -0.258056 -0.227138 -0.196220 -0.165301 -0.134383 -0.103464 -0.072546 -0.041627 -0.010709 0.020209 0.051128 0.072002 0.062742 0.053483 0.044223 0.034964 0.025704 0.016444 0.007185 -0.002075 -0.011334 -0.020594 -0.028760 -0.035833 -0.042906 -0.049980 -0.057053 -0.064126 -0.071199 -0.078272 -0.085345 -0.092418 -0.099492 -0.126285 -0.159652 -0.193019 -0.226386 -0.259752 -0.293119 -0.326486 -0.359853 -0.393220 -0.426587 -0.459954 -0.450538 -0.441121 -0.431705 -0.422289 -0.412873 -0.403457 -0.394041 -0.384625 -0.375208 -0.365792 -0.353142 -0.330790 -0.308437 -0.286085 -0.263732 -0.241380 -0.219027 -0.196675 -0.174322 -0.151970 -0.129618 -0.114162 -0.105603 -0.097044 -0.088485 -0.079926 -0.071367 -0.062808 -0.054249 -0.045690 -0.037131 -0.028573 -0.014496
0.289953 0.300077 0.304753 0.293084 0.281414 0.269745 0.258076 0.246407 0.234738 0.223069 0.211400 0.199731 0.188062 0.170813 0.147983 0.125153 0.102324 0.079494 0.056665 0.033835 0.011005 -0.011824 -0.034654 -0.057483 -0.083911 -0.111539 -0.139166 -0.166794 -0.194422 -0.222049 -0.249677 -0.277304 -0.304932 -0.332559 -0.360187 -0.319299 -0.278412 -0.237524 -0.196637 -0.155749 -0.114862 -0.073974 -0.033087 0.007801 0.048688 0.075548 0.060326 0.045103 0.029880 0.014657 -0.000565 -0.015788 -0.031011 -0.046233 -0.061456 -0.076679 -0.086807 -0.091840 -0.096873 -0.101906 -0.106939 -0.111972 -0.117005 -0.122038 -0.127071 -0.132104 -0.137137 -0.164025 -0.198198 -0.232371 -0.266544 -0.300717 -0.334891 -0.369064 -0.403237 -0.437410 -0.471583 -0.505756 -0.489530 -0.473304 -0.457078 -0.440851 -0.424625 -0.408399 -0.392173 -0.375947 -0.359721 -0.343494 -0.323714 -0.293273 -0.262831 -0.232389 -0.201947 -0.171506 -0.141064 -0.110622 -0.080181 -0.049739 -0.019297 -0.001477 0.003722 0.008921 0.014120 0.019319 0.024518 0.029717 0.034916 0.040115 0.045314 0.050513 0.060447
0.248645 0.256840 0.259339 0.244748 0.230158 0.215568 0.200978 0.186387 0.171797 0.157207 0.142617 0.128027 0.113436 0.093234 0.067419 0.041604 0.015789 -0.010026 -0.035840 -0.061655 -0.087470 -0.113285 -0.139100 -0.164915 -0.191667 -0.218732 -0.245797 -0.272862 -0.299927 -0.326992 -0.354057 -0.381122 -0.408187 -0.435252 -0.462317 -0.411461 -0.360604 -0.309747 -0.258891 -0.208034 -0.157178 -0.106321 -0.055464 -0.004608 0.046249 0.079095 0.057909 0.036723 0.015537 -0.005649 -0.026834 -0.048020 -0.069206 -0.090392 -0.111578 -0.132764 -0.144853 -0.147846 -0.150839 -0.153832 -0.156825 -0.159818 -0.162810 -0.165803 -0.168796 -0.171789 -0.174782 -0.201765 -0.236744 -0.271723 -0.306703 -0.341682 -0.376662 -0.411641 -0.446620 -0.481600 -0.516579 -0.551559 -0.528522 -0.505486 -0.482450 -0.459414 -0.436378 -0.413341 -0.390305 -0.367269 -0.344233 -0.321197 -0.294287 -0.255756 -0.217225 -0.178694 -0.140163 -0.101632 -0.063101 -0.024570 0.013961 0.052492 0.091023 0.111208 0.113047 0.114887 0.116726 0.118565 0.120404 0.122243 0.124082 0.125921 0.127760 0.129599 0.135391
0.207337 0.213603 0.213924 0.196413 0.178902 0.161390 0.143879 0.126368 0.108856 0.091345 0.073833 0.056322 0.038811 0.015655 -0.013145 -0.041945 -0.070745 -0.099545 -0.128345 -0.157146 -0.185946 -0.214746 -0.243546 -0.272346 -0.299423 -0.325925 -0.352428 -0.378930 -0.405433 -0.431935 -0.458438 -0.484940 -0.511443 -0.537945 -0.564448 -0.503622 -0.442796 -0.381971 -0.321145 -0.260319 -0.199493 -0.138668 -0.077842 -0.017016 0.043810 0.082642 0.055493 0.028343 0.001194 -0.025955 -0.053104 -0.080253 -0.107402 -0.134551 -0.161700 -0.188849 -0.202900 -0.203853 -0.204805 -0.205758 -0.206711 -0.207663 -0.208616 -0.209569 -0.210522 -0.211474 -0.212427 -0.239504 -0.275290 -0.311076 -0.346861 -0.382647 -0.418433 -0.454218 -0.490004 -0.525790 -0.561575 -0.597361 -0.567515 -0.537669 -0.507822 -0.477976 -0.448130 -0.418284 -0.388437 -0.358591 -0.328745 -0.298899 -0.264859 -0.218239 -0.171618 -0.124998 -0.078378 -0.031758 0.014863 0.061483 0.108103 0.154723 0.201344 0.223893 0.222373 0.220852 0.219331 0.217810 0.216289 0.214769 0.213248 0.211727 0.210206 0.208685 0.210335
0.166029 0.170366 0.168510 0.148078 0.127645 0.107213 0.086780 0.066348 0.045915 0.025483 0.005050 -0.015383 -0.035815 -0.061924 -0.093709 -0.125495 -0.157280 -0.189065 -0.220851 -0.252636 -0.284421 -0.316206 -0.347992 -0.379777 -0.407178 -0.433118 -0.459058 -0.484998 -0.510938 -0.536878 -0.562818 -0.588758 -0.614698 -0.640638 -0.666578 -0.595783 -0.524989 -0.454194 -0.383399 -0.312604 -0.241809 -0.171014 -0.100220 -0.029425 0.041370 0.086188 0.053076 0.019964 -0.013148 -0.046261 -0.079373 -0.112485 -0.145597 -0.178710 -0.211822 -0.244934 -0.260946 -0.259859 -0.258772 -0.257684 -0.256597 -0.255509 -0.254422 -0.253334 -0.252247 -0.251160 -0.250072 -0.277244 -0.313836 -0.350428 -0.387020 -0.423612 -0.460204 -0.496796 -0.533388 -0.569980 -0.606572 -0.643164 -0.606507 -0.569851 -0.533195 -0.496539 -0.459882 -0.423226 -0.386570 -0.349913 -0.313257 -0.276601 -0.235431 -0.180722 -0.126012 -0.071303 -0.016593 0.038116 0.092826 0.147535 0.202245 0.256955 0.311664 0.336579 0.331698 0.326817 0.321936 0.317056 0.312175 0.307294 0.302413 0.297533 0.292652 0.287771 0.285278
0.124721 0.127129 0.123096 0.099743 0.076389 0.053035 0.029681 0.006328 -0.017026 -0.040380 -0.063733 -0.087087 -0.110441 -0.139503 -0.174273 -0.209044 -0.243815 -0.278585 -0.313356 -0.348126 -0.382897 -0.417667 -0.452438 -0.487208 -0.514934 -0.540311 -0.565689 -0.591066 -0.616444 -0.641821 -0.667199 -0.692576 -0.717954 -0.743331 -0.768709 -0.687945 -0.607181 -0.526417 -0.445653 -0.364889 -0.284125 -0.203361 -0.122597 -0.041833 0.038931 0.089735 0.050659 0.011584 -0.027491 -0.066567 -0.105642 -0.144718 -0.183793 -0.222868 -0.261944 -0.301019 -0.318993 -0.315866 -0.312738 -0.309610 -0.306483 -0.303355 -0.300228 -0.297100 -0.293973 -0.290845 -0.287717 -0.314984 -0.352382 -0.389781 -0.427179 -0.464577 -0.501975 -0.539373 -0.576772 -0.614170 -0.651568 -0.688966 -0.645500 -0.602034 -0.558567 -0.515101 -0.471635 -0.428168 -0.384702 -0.341236 -0.297769 -0.254303 -0.206004 -0.143205 -0.080406 -0.017607 0.045192 0.107990 0.170789 0.233588 0.296387 0.359186 0.421985 0.449264 0.441023 0.432782 0.424542 0.416301 0.408060 0.399820 0.391579 0.383339 0.375098 0.366857 0.360222
0.083413 0.083892 0.077682 0.051407 0.025133 -0.001142 -0.027417 -0.053692 -0.079967 -0.106242 -0.132517 -0.158792 -0.185066 -0.217082 -0.254838 -0.292593 -0.330349 -0.368105 -0.405861 -0.443616 -0.481372 -0.519128 -0.556884 -0.594639 -0.622690 -0.647505 -0.672320 -0.697135 -0.721949 -0.746764 -0.771579 -0.796394 -0.821209 -0.846024 -0.870839 -0.780106 -0.689373 -0.598640 -0.507907 -0.417174 -0.326441 -0.235708 -0.144975 -0.054242 0.036491 0.093282 0.048243 0.003204 -0.041834 -0.086873 -0.131911 -0.176950 -0.221989 -0.267027 -0.312066 -0.357104 -0.377040 -0.371872 -0.366704 -0.361537 -0.356369 -0.351201 -0.346033 -0.340866 -0.335698 -0.330530 -0.325363 -0.352724 -0.390928 -0.429133 -0.467337 -0.505542 -0.543746 -0.581951 -0.620155 -0.658360 -0.696564 -0.734769 -0.684492 -0.634216 -0.583940 -0.533663 -0.483387 -0.433111 -0.382834 -0.332558 -0.282282 -0.232005 -0.176576 -0.105688 -0.034800 0.036088 0.106976 0.177864 0.248753 0.319641 0.390529 0.461417 0.532305 0.561949 0.550348 0.538748 0.527147 0.515547 0.503946 0.492345 0.480745 0.469144 0.457544 0.445943 0.435166
0.049551 0.045662 0.037595 0.016993 -0.003610 -0.024212 -0.044815 -0.065417 -0.086020 -0.106622 -0.127225 -0.147827 -0.168430 -0.194193 -0.225116 -0.256039 -0.286963 -0.317886 -0.348809 -0.379733 -0.410656 -0.441580 -0.472503 -0.503426 -0.529868 -0.554816 -0.579764 -0.604712 -0.629660 -0.654608 -0.679555 -0.704503 -0.729451 -0.754399 -0.779347 -0.701334 -0.623322 -0.545309 -0.467296 -0.389284 -0.311271 -0.233258 -0.155246 -0.077233 0.000780 0.049202 0.008853 -0.031497 -0.071846 -0.112195 -0.152545 -0.192894 -0.233243 -0.273592 -0.313942 -0.354291 -0.372390 -0.368239 -0.364088 -0.359937 -0.355786 -0.351636 -0.347485 -0.343334 -0.339183 -0.335032 -0.330881 -0.351604 -0.380617 -0.409631 -0.438645 -0.467659 -0.496673 -0.525687 -0.554700 -0.583714 -0.612728 -0.641742 -0.600810 -0.559878 -0.518946 -0.478014 -0.437082 -0.396151 -0.355219 -0.314287 -0.273355 -0.232423 -0.185416 -0.120185 -0.054954 0.010277 0.075508 0.140740 0.205971 0.271202 0.336433 0.401664 0.466895 0.494143 0.483408 0.472672 0.461937 0.451201 0.440466 0.429730 0.418995 0.408260 0.397524 0.386789 0.380964
0.015689 0.007433 -0.002492 -0.017422 -0.032352 -0.047282 -0.062212 -0.077142 -0.092072 -0.107002 -0.121933 -0.136863 -0.151793 -0.171303 -0.195394 -0.219485 -0.243576 -0.267667 -0.291758 -0.315849 -0.339940 -0.364031 -0.388122 -0.412213 -0.437047 -0.462127 -0.487208 -0.512289 -0.537370 -0.562451 -0.587531 -0.612612 -0.637693 -0.662774 -0.687855 -0.622562 -0.557270 -0.491978 -0.426686 -0.361393 -0.296101 -0.230809 -0.165517 -0.100224 -0.034932 0.005122 -0.030538 -0.066198 -0.101858 -0.137518 -0.173178 -0.208838 -0.244498 -0.280158 -0.315818 -0.351478 -0.367741 -0.364606 -0.361472 -0.358338 -0.355204 -0.352070 -0.348936 -0.345802 -0.342667 -0.339533 -0.336399 -0.350483 -0.370306 -0.390130 -0.409953 -0.429776 -0.449599 -0.469422 -0.489246 -0.509069 -0.528892 -0.548715 -0.517128 -0.485540 -0.453953 -0.422365 -0.390778 -0.359190 -0.327603 -0.296016 -0.264428 -0.232841 -0.194257 -0.134682 -0.075108 -0.015534 0.044040 0.103615 0.163189 0.222763 0.282337 0.341911 0.401486 0.426338 0.416467 0.406597 0.396727 0.386856 0.376986 0.367115 0.357245 0.347375 0.337504 0.327634 0.326762
-0.018174 -0.030797 -0.042579 -0.051837 -0.061094 -0.070352 -0.079610 -0.088867 -0.098125 -0.107383 -0.116640 -0.125898 -0.135156 -0.148414 -0.165673 -0.182931 -0.200190 -0.217448 -0.234707 -0.251966 -0.269224 -0.286483 -0.303742 -0.321000 -0.344225 -0.369439 -0.394653 -0.419866 -0.445080 -0.470294 -0.495507 -0.520721 -0.545935 -0.571148 -0.596362 -0.543790 -0.491219 -0.438647 -0.386075 -0.333503 -0.280931 -0.228359 -0.175788 -0.123216 -0.070644 -0.038958 -0.069928 -0.100899 -0.131870 -0.162840 -0.193811 -0.224782 -0.255752 -0.286723 -0.317694 -0.348664 -0.363091 -0.360974 -0.358856 -0.356739 -0.354622 -0.352504 -0.350387 -0.348270 -0.346152 -0.344035 -0.341918 -0.349363 -0.359995 -0.370628 -0.381260 -0.391893 -0.402526 -0.413158 -0.423791 -0.434423 -0.445056 -0.455688 -0.433445 -0.411202 -0.388959 -0.366716 -0.344473 -0.322230 -0.299987 -0.277744 -0.255501 -0.233258 -0.203097 -0.149180 -0.095262 -0.041345 0.012572 0.066490 0.120407 0.174324 0.228241 0.282159 0.336076 0.358532 0.349527 0.340521 0.331516 0.322511 0.313506 0.304500 0.295495 0.286490 0.277485 0.268479 0.272561
-0.052036 -0.069027 -0.082666 -0.086251 -0.089837 -0.093422 -0.097007 -0.100592 -0.104178 -0.107763 -0.111348 -0.114934 -0.118519 -0.125525 -0.135951 -0.146377 -0.156803 -0.167230 -0.177656 -0.188082 -0.198508 -0.208935 -0.219361 -0.229787 -0.251404 -0.276750 -0.302097 -0.327443 -0.352790 -0.378137 -0.403483 -0.428830 -0.454177 -0.479523 -0.504870 -0.465018 -0.425167 -0.385316 -0.345464 -0.305613 -0.265761 -0.225910 -0.186058 -0.146207 -0.106356 -0.083037 -0.109319 -0.135600 -0.161881 -0.188163 -0.214444 -0.240726 -0.267007 -0.293288 -0.319570 -0.345851 -0.358442 -0.357341 -0.356240 -0.355140 -0.354039 -0.352939 -0.351838 -0.350738 -0.349637 -0.348536 -0.347436 -0.348242 -0.349684 -0.351126 -0.352568 -0.354010 -0.355452 -0.356894 -0.358336 -0.359778 -0.361220 -0.362662 -0.349763 -0.336865 -0.323966 -0.311067 -0.298169 -0.285270 -0.272372 -0.259473 -0.246575 -0.233676 -0.211937 -0.163677 -0.115416 -0.067156 -0.018896 0.029365 0.077625 0.125885 0.174146 0.222406 0.270666 0.290726 0.282586 0.274446 0.266306 0.258166 0.250026 0.241885 0.233745 0.225605 0.217465 0.209325 0.218359
-0.085898 -0.107256 -0.122753 -0.120666 -0.118579 -0.116492 -0.114405 -0.112318 -0.110230 -0.108143 -0.106056 -0.103969 -0.101882 -0.102635 -0.106229 -0.109823 -0.113417 -0.117011 -0.120605 -0.124199 -0.127792 -0.131386 -0.134980 -0.138574 -0.158582 -0.184062 -0.209541 -0.235021 -0.260500 -0.285980 -0.311459 -0.336939 -0.362418 -0.387898 -0.413378 -0.386247 -0.359115 -0.331984 -0.304853 -0.277722 -0.250591 -0.223460 -0.196329 -0.169198 -0.142067 -0.127117 -0.148709 -0.170301 -0.191893 -0.213485 -0.235077 -0.256670 -0.278262 -0.299854 -0.321446 -0.343038 -0.353792 -0.353708 -0.353624 -0.353541 -0.353457 -0.353373 -0.353289 -0.353206 -0.353122 -0.353038 -0.352954 -0.347122 -0.339373 -0.331624 -0.323876 -0.316127 -0.308378 -0.300630 -0.292881 -0.285132 -0.277384 -0.269635 -0.266081 -0.262527 -0.258973 -0.255418 -0.251864 -0.248310 -0.244756 -0.241202 -0.237648 -0.234094 -0.220777 -0.178174 -0.135571 -0.092967 -0.050364 -0.007760 0.034843 0.077446 0.120050 0.162653 0.205257 0.222921 0.215646 0.208371 0.201096 0.193821 0.186546 0.179270 0.171995 0.164720 0.157445 0.150170 0.164157
-0.119760 -0.145486 -0.162840 -0.155081 -0.147321 -0.139562 -0.131802 -0.124043 -0.116283 -0.108524 -0.100764 -0.093005 -0.085245 -0.079746 -0.076508 -0.073269 -0.070031 -0.066792 -0.063553 -0.060315 -0.057076 -0.053838 -0.050599 -0.047361 -0.065761 -0.091373 -0.116985 -0.142598 -0.168210 -0.193823 -0.219435 -0.245048 -0.270660 -0.296273 -0.321885 -0.307475 -0.293064 -0.278653 -0.264243 -0.249832 -0.235422 -0.221011 -0.206600 -0.192190 -0.177779 -0.171197 -0.188100 -0.205002 -0.221905 -0.238808 -0.255711 -0.272613 -0.289516 -0.306419 -0.323322 -0.340225 -0.349142 -0.350075 -0.351008 -0.351941 -0.352875 -0.353808 -0.354741 -0.355674 -0.356607 -0.357540 -0.358473 -0.346001 -0.329062 -0.312123 -0.295183 -0.278244 -0.261305 -0.244365 -0.227426 -0.210487 -0.193548 -0.176608 -0.182399 -0.188189 -0.193979 -0.199769 -0.205560 -0.211350 -0.217140 -0.222931 -0.228721 -0.234511 -0.229618 -0.192671 -0.155725 -0.118778 -0.081832 -0.044885 -0.007939 0.029008 0.065954 0.102900 0.139847 0.155115 0.148705 0.142295 0.135885 0.129475 0.123065 0.116655 0.110246 0.103836 0.097426 0.091016 0.109956
-0.153623 -0.183716 -0.202927 -0.189495 -0.176063 -0.162632 -0.149200 -0.135768 -0.122336 -0.108904 -0.095472 -0.082040 -0.068608 -0.056857 -0.046786 -0.036715 -0.026644 -0.016573 -0.006502 0.003569 0.013640 0.023710 0.033781 0.043852 0.027061 0.001316 -0.024430 -0.050175 -0.075921 -0.101666 -0.127411 -0.153157 -0.178902 -0.204647 -0.230393 -0.228703 -0.227012 -0.225322 -0.223632 -0.221942 -0.220252 -0.218561 -0.216871 -0.215181 -0.213491 -0.215277 -0.227490 -0.239703 -0.251917 -0.264130 -0.276344 -0.288557 -0.300771 -0.312984 -0.325198 -0.337411 -0.344493 -0.346443 -0.348393 -0.350342 -0.352292 -0.354242 -0.356192 -0.358142 -0.360091 -0.362041 -0.363991 -0.344881 -0.318751 -0.292621 -0.266491 -0.240361 -0.214231 -0.188101 -0.161971 -0.135841 -0.109711 -0.083581 -0.098716 -0.113851 -0.128986 -0.144121 -0.159255 -0.174390 -0.189525 -0.204660 -0.219794 -0.234929 -0.238458 -0.207168 -0.175879 -0.144589 -0.113300 -0.082010 -0.050721 -0.019431 0.011858 0.043148 0.074437 0.087310 0.081765 0.076220 0.070675 0.065130 0.059585 0.054040 0.048496 0.042951 0.037406 0.031861 0.055754
-0.187485 -0.221945 -0.243014 -0.223910 -0.204806 -0.185701 -0.166597 -0.147493 -0.128389 -0.109284 -0.090180 -0.071076 -0.051971 -0.033968 -0.017064 -0.000161 0.016742 0.033646 0.050549 0.067452 0.084356 0.101259 0.118162 0.135065 0.119883 0.094004 0.068126 0.042248 0.016369 -0.009509 -0.035387 -0.061266 -0.087144 -0.113022 -0.138901 -0.149931 -0.160961 -0.171991 -0.183021 -0.194052 -0.205082 -0.216112 -0.227142 -0.238172 -0.249203 -0.259356 -0.266880 -0.274405 -0.281929 -0.289453 -0.296977 -0.304501 -0.312025 -0.319550 -0.327074 -0.334598 -0.339843 -0.342810 -0.345777 -0.348743 -0.351710 -0.354676 -0.357643 -0.360610 -0.363576 -0.366543 -0.369509 -0.343761 -0.308440 -0.273119 -0.237799 -0.202478 -0.167158 -0.131837 -0.096516 -0.061196 -0.025875 0.009445 -0.015034 -0.039513 -0.063992 -0.088472 -0.112951 -0.137430 -0.161909 -0.186388 -0.210868 -0.235347 -0.247298 -0.221666 -0.196033 -0.170400 -0.144768 -0.119135 -0.093503 -0.067870 -0.042238 -0.016605 0.009028 0.019504 0.014824 0.010144 0.005465 0.000785 -0.003895 -0.008575 -0.013254 -0.017934 -0.022614 -0.027294 0.001552
-0.221347 -0.260175 -0.283101 -0.258325 -0.233548 -0.208771 -0.183995 -0.159218 -0.134441 -0.109665 -0.084888 -0.060111 -0.035335 -0.011078 0.012657 0.036393 0.060129 0.083864 0.107600 0.131336 0.155071 0.178807 0.202543 0.226279 0.212704 0.186693 0.160682 0.134670 0.108659 0.082648 0.056637 0.030625 0.004614 -0.021397 -0.047408 -0.071159 -0.094909 -0.118660 -0.142411 -0.166161 -0.189912 -0.213662 -0.237413 -0.261164 -0.284914 -0.303436 -0.306271 -0.309106 -0.311941 -0.314775 -0.317610 -0.320445 -0.323280 -0.326115 -0.328950 -0.331785 -0.335194 -0.339177 -0.343161 -0.347144 -0.351127 -0.355111 -0.359094 -0.363078 -0.367061 -0.371044 -0.375028 -0.342640 -0.298129 -0.253618 -0.209106 -0.164595 -0.120084 -0.075573 -0.031062 0.013450 0.057961 0.102472 0.068648 0.034825 0.001001 -0.032823 -0.066646 -0.100470 -0.134294 -0.168117 -0.201941 -0.235765 -0.256138 -0.236163 -0.216187 -0.196211 -0.176236 -0.156260 -0.136285 -0.116309 -0.096333 -0.076358 -0.056382 -0.048302 -0.052116 -0.055931 -0.059746 -0.063560 -0.067375 -0.071190 -0.075004 -0.078819 -0.082633 -0.086448 -0.052650
-0.255210 -0.298405 -0.323188 -0.292739 -0.262290 -0.231841 -0.201392 -0.170943 -0.140494 -0.110045 -0.079596 -0.049147 -0.018698 0.011811 0.042379 0.072947 0.103515 0.134083 0.164651 0.195219 0.225787 0.256356 0.286924 0.317492 0.305526 0.279381 0.253237 0.227093 0.200949 0.174805 0.148661 0.122517 0.096372 0.070228 0.044084 0.007613 -0.028858 -0.065329 -0.101800 -0.138271 -0.174742 -0.211213 -0.247684 -0.284155 -0.320626 -0.347516 -0.345661 -0.343807 -0.341952 -0.340098 -0.338244 -0.336389 -0.334535 -0.332680 -0.330826 -0.328971 -0.330544 -0.335544 -0.340545 -0.345545 -0.350545 -0.355545 -0.360545 -0.365546 -0.370546 -0.375546 -0.380546 -0.341520 -0.287818 -0.234116 -0.180414 -0.126712 -0.073010 -0.019309 0.034393 0.088095 0.141797 0.195499 0.152331 0.109163 0.065994 0.022826 -0.020342 -0.063510 -0.106678 -0.149846 -0.193014 -0.236182 -0.264979 -0.250660 -0.236341 -0.222023 -0.207704 -0.193385 -0.179067 -0.164748 -0.150429 -0.136110 -0.121792 -0.116107 -0.119057 -0.122006 -0.124956 -0.127905 -0.130855 -0.133805 -0.136754 -0.139704 -0.142653 -0.145603 -0.106851
-0.289072 -0.336634 -0.363276 -0.327154 -0.291033 -0.254911 -0.218790 -0.182668 -0.146547 -0.110425 -0.074304 -0.038182 -0.002061 0.034700 0.072101 0.109501 0.146902 0.184302 0.221703 0.259103 0.296503 0.333904 0.371304 0.408705 0.398347 0.372070 0.345793 0.319516 0.293239 0.266962 0.240685 0.214408 0.188131 0.161854 0.135576 0.086385 0.037194 -0.011998 -0.061189 -0.110381 -0.159572 -0.208764 -0.257955 -0.307146 -0.356338 -0.391595 -0.385052 -0.378508 -0.371964 -0.365421 -0.358877 -0.352333 -0.345789 -0.339246 -0.332702 -0.326158 -0.325895 -0.331912 -0.337929 -0.343946 -0.349963 -0.355980 -0.361997 -0.368013 -0.374030 -0.380047 -0.386064 -0.340399 -0.277507 -0.214614 -0.151722 -0.088829 -0.025937 0.036956 0.099848 0.162741 0.225633 0.288525 0.236013 0.183500 0.130988 0.078475 0.025963 -0.026550 -0.079062 -0.131575 -0.184087 -0.236600 -0.273819 -0.265157 -0.256495 -0.247834 -0.239172 -0.230510 -0.221848 -0.213187 -0.204525 -0.195863 -0.187201 -0.183913 -0.185997 -0.188082 -0.190166 -0.192251 -0.194335 -0.196420 -0.198504 -0.200588 -0.202673 -0.204757 -0.161053
-0.234350 -0.268118 -0.287457 -0.263510 -0.239563 -0.215615 -0.191668 -0.167721 -0.143774 -0.119827 -0.095879 -0.071932 -0.047985 -0.019342 0.013997 0.047337 0.080676 0.114015 0.147354 0.180693 0.214033 0.247372 0.280711 0.314050 0.307279 0.287138 0.266996 0.246855 0.226713 0.206572 0.186430 0.166289 0.146147 0.126006 0.105865 0.058766 0.011668 -0.035430 -0.082528 -0.129627 -0.176725 -0.223823 -0.270921 -0.318019 -0.365118 -0.397014 -0.383307 -0.369599 -0.355891 -0.342184 -0.328476 -0.314768 -0.301061 -0.287353 -0.273645 -0.259938 -0.257935 -0.267638 -0.277341 -0.287044 -0.296747 -0.306450 -0.316153 -0.325856 -0.335559 -0.345262 -0.354965 -0.316833 -0.262754 -0.208676 -0.154598 -0.100520 -0.046442 0.007636 0.061714 0.115792 0.169870 0.223948 0.179509 0.135069 0.090630 0.046191 0.001752 -0.042688 -0.087127 -0.131566 -0.176005 -0.220445 -0.250801 -0.238908 -0.227015 -0.215122 -0.203229 -0.191336 -0.179443 -0.167550 -0.155657 -0.143765 -0.131872 -0.128182 -0.132694 -0.137207 -0.141720 -0.146233 -0.150746 -0.155258 -0.159771 -0.164284 -0.168797 -0.173310 -0.133964
-0.179628 -0.199602 -0.211639 -0.199866 -0.188093 -0.176320 -0.164547 -0.152774 -0.141001 -0.129228 -0.117455 -0.105682 -0.093909 -0.073384 -0.044106 -0.014828 0.014450 0.043728 0.073006 0.102284 0.131562 0.160840 0.190118 0.219396 0.216211 0.202205 0.188199 0.174193 0.160188 0.146182 0.132176 0.118170 0.104164 0.090158 0.076153 0.031148 -0.013857 -0.058862 -0.103867 -0.148872 -0.193878 -0.238883 -0.283888 -0.328893 -0.373898 -0.402433 -0.381562 -0.360690 -0.339819 -0.318947 -0.298075 -0.277204 -0.256332 -0.235460 -0.214589 -0.193717 -0.189976 -0.203365 -0.216754 -0.230143 -0.243532 -0.256921 -0.270310 -0.283699 -0.297088 -0.310477 -0.323866 -0.293266 -0.248002 -0.202739 -0.157475 -0.112211 -0.066948 -0.021684 0.023580 0.068843 0.114107 0.159370 0.123004 0.086638 0.050273 0.013907 -0.022459 -0.058825 -0.095191 -0.131557 -0.167923 -0.204289 -0.227783 -0.212659 -0.197534 -0.182410 -0.167286 -0.152162 -0.137038 -0.121914 -0.106790 -0.091666 -0.076542 -0.072450 -0.079391 -0.086333 -0.093274 -0.100215 -0.107156 -0.114097 -0.121038 -0.127980 -0.134921 -0.141862 -0.106874
-0.124906 -0.131085 -0.135820 -0.136221 -0.136623 -0.137024 -0.137425 -0.137827 -0.138228 -0.138630 -0.139031 -0.139432 -0.139834 -0.127426 -0.102209 -0.076992 -0.051776 -0.026559 -0.001342 0.023874 0.049091 0.074308 0.099524 0.124741 0.125143 0.117272 0.109402 0.101532 0.093662 0.085792 0.077921 0.070051 0.062181 0.054311 0.046441 0.003529 -0.039383 -0.082295 -0.125207 -0.168118 -0.211030 -0.253942 -0.296854 -0.339766 -0.382677 -0.407852 -0.379817 -0.351781 -0.323746 -0.295710 -0.267675 -0.239639 -0.211603 -0.183568 -0.155532 -0.127497 -0.122016 -0.139091 -0.156167 -0.173242 -0.190317 -0.207392 -0.224467 -0.241542 -0.258617 -0.275692 -0.292767 -0.269699 -0.233250 -0.196801 -0.160352 -0.123902 -0.087453 -0.051004 -0.014555 0.021894 0.058344 0.094793 0.066500 0.038208 0.009915 -0.018378 -0.046670 -0.074963 -0.103256 -0.131548 -0.159841 -0.188134 -0.204764 -0.186409 -0.168054 -0.149699 -0.131343 -0.112988 -0.094633 -0.076278 -0.057922 -0.039567 -0.021212 -0.016719 -0.026088 -0.035458 -0.044828 -0.054197 -0.063567 -0.072936 -0.082306 -0.091675 -0.101045 -0.110414 -0.079785
-0.070184 -0.062569 -0.060002 -0.072577 -0.085153 -0.097729 -0.110304 -0.122880 -0.135455 -0.148031 -0.160607 -0.173182 -0.185758 -0.181468 -0.160312 -0.139157 -0.118002 -0.096846 -0.075691 -0.054535 -0.033380 -0.012224 0.008931 0.030087 0.034074 0.032340 0.030605 0.028871 0.027136 0.025402 0.023667 0.021932 0.020198 0.018463 0.016729 -0.024090 -0.064909 -0.105727 -0.146546 -0.187364 -0.228183 -0.269002 -0.309820 -0.350639 -0.391457 -0.413271 -0.378072 -0.342872 -0.307673 -0.272473 -0.237274 -0.202074 -0.166875 -0.131675 -0.096476 -0.061276 -0.054057 -0.074818 -0.095579 -0.116340 -0.137101 -0.157863 -0.178624 -0.199385 -0.220146 -0.240907 -0.261668 -0.246132 -0.218498 -0.190863 -0.163228 -0.135593 -0.107959 -0.080324 -0.052689 -0.025054 0.002581 0.030215 0.009996 -0.010223 -0.030443 -0.050662 -0.070882 -0.091101 -0.111320 -0.131540 -0.151759 -0.171978 -0.181746 -0.160160 -0.138573 -0.116987 -0.095401 -0.073814 -0.052228 -0.030641 -0.009055 0.012532 0.034118 0.039012 0.027214 0.015417 0.003619 -0.008179 -0.019977 -0.031775 -0.043573 -0.055371 -0.067169 -0.078966 -0.052695
-0.015463 0.005947 0.015817 -0.008933 -0.033683 -0.058433 -0.083183 -0.107933 -0.132683 -0.157432 -0.182182 -0.206932 -0.231682 -0.235510 -0.218416 -0.201322 -0.184227 -0.167133 -0.150039 -0.132945 -0.115851 -0.098756 -0.081662 -0.064568 -0.056994 -0.052593 -0.048192 -0.043791 -0.039390 -0.034988 -0.030587 -0.026186 -0.021785 -0.017384 -0.012983 -0.051709 -0.090434 -0.129159 -0.167885 -0.206610 -0.245336 -0.284061 -0.322786 -0.361512 -0.400237 -0.418690 -0.376327 -0.333963 -0.291600 -0.249236 -0.206873 -0.164509 -0.122146 -0.079783 -0.037419 0.004944 0.013903 -0.010545 -0.034992 -0.059439 -0.083886 -0.108333 -0.132780 -0.157228 -0.181675 -0.206122 -0.230569 -0.222566 -0.203745 -0.184925 -0.166105 -0.147284 -0.128464 -0.109644 -0.090823 -0.072003 -0.053183 -0.034362 -0.046508 -0.058654 -0.070800 -0.082947 -0.095093 -0.107239 -0.119385 -0.131531 -0.143677 -0.155823 -0.158728 -0.133911 -0.109093 -0.084275 -0.059458 -0.034640 -0.009823 0.014995 0.039813 0.064630 0.089448 0.094744 0.080517 0.066291 0.052065 0.037839 0.023612 0.009386 -0.004840 -0.019066 -0.033292 -0.047519 -0.025606
0.039259 0.074463 0.091635 0.054711 0.017787 -0.019137 -0.056061 -0.092986 -0.129910 -0.166834 -0.203758 -0.240682 -0.277606 -0.289552 -0.276519 -0.263486 -0.250453 -0.237420 -0.224387 -0.211354 -0.198321 -0.185288 -0.172256 -0.159223 -0.148062 -0.137525 -0.126989 -0.116452 -0.105915 -0.095379 -0.084842 -0.074305 -0.063769 -0.053232 -0.042695 -0.079327 -0.115960 -0.152592 -0.189224 -0.225856 -0.262488 -0.299121 -0.335753 -0.372385 -0.409017 -0.424109 -0.374582 -0.325055 -0.275527 -0.226000 -0.176472 -0.126945 -0.077417 -0.027890 0.021638 0.071165 0.081862 0.053729 0.025596 -0.002538 -0.030671 -0.058804 -0.086937 -0.115070 -0.143204 -0.171337 -0.199470 -0.198999 -0.188993 -0.178987 -0.168981 -0.158975 -0.148969 -0.138963 -0.128958 -0.118952 -0.108946 -0.098940 -0.103013 -0.107085 -0.111158 -0.115231 -0.119304 -0.123377 -0.127449 -0.131522 -0.135595 -0.139668 -0.135710 -0.107661 -0.079613 -0.051564 -0.023515 0.004534 0.032583 0.060631 0.088680 0.116729 0.144778 0.150475 0.133820 0.117166 0.100511 0.083857 0.067202 0.050547 0.033893 0.017238 0.000584 -0.016071 0.001484
0.093981 0.142980 0.167454 0.118355 0.069257 0.020158 -0.028940 -0.078038 -0.127137 -0.176235 -0.225334 -0.274432 -0.323531 -0.343594 -0.334622 -0.325651 -0.316679 -0.307707 -0.298736 -0.289764 -0.280792 -0.271821 -0.262849 -0.253877 -0.239130 -0.222458 -0.205785 -0.189113 -0.172441 -0.155769 -0.139096 -0.122424 -0.105752 -0.089079 -0.072407 -0.106946 -0.141485 -0.176024 -0.210563 -0.245102 -0.279641 -0.314180 -0.348719 -0.383258 -0.417797 -0.429528 -0.372837 -0.316146 -0.259454 -0.202763 -0.146071 -0.089380 -0.032689 0.024003 0.080694 0.137385 0.149822 0.118002 0.086183 0.054364 0.022545 -0.009275 -0.041094 -0.072913 -0.104733 -0.136552 -0.168371 -0.175432 -0.174241 -0.173049 -0.171858 -0.170666 -0.169475 -0.168283 -0.167092 -0.165900 -0.164709 -0.163517 -0.159517 -0.155516 -0.151516 -0.147515 -0.143515 -0.139514 -0.135514 -0.131513 -0.127513 -0.123512 -0.112692 -0.081412 -0.050132 -0.018852 0.012428 0.043708 0.074988 0.106268 0.137548 0.168828 0.200108 0.206206 0.187123 0.168040 0.148957 0.129874 0.110791 0.091709 0.072626 0.053543 0.034460 0.015377 0.028573
0.148703 0.211496 0.243272 0.181999 0.120727 0.059454 -0.001819 -0.063091 -0.124364 -0.185637 -0.246909 -0.308182 -0.369455 -0.397636 -0.392726 -0.387815 -0.382905 -0.377994 -0.373084 -0.368173 -0.363263 -0.358353 -0.353442 -0.348532 -0.330198 -0.307390 -0.284582 -0.261774 -0.238967 -0.216159 -0.193351 -0.170543 -0.147735 -0.124927 -0.102119 -0.134565 -0.167011 -0.199456 -0.231902 -0.264348 -0.296794 -0.329240 -0.361685 -0.394131 -0.426577 -0.434947 -0.371092 -0.307237 -0.243381 -0.179526 -0.115671 -0.051815 0.012040 0.075895 0.139751 0.203606 0.217781 0.182276 0.146770 0.111265 0.075760 0.040255 0.004749 -0.030756 -0.066261 -0.101767 -0.137272 -0.151866 -0.159488 -0.167111 -0.174734 -0.182357 -0.189980 -0.197603 -0.205226 -0.212849 -0.220472 -0.228095 -0.216021 -0.203947 -0.191873 -0.179800 -0.167726 -0.155652 -0.143578 -0.131505 -0.119431 -0.107357 -0.089674 -0.055163 -0.020652 0.013860 0.048371 0.082882 0.117393 0.151904 0.186415 0.220926 0.255437 0.261937 0.240426 0.218915 0.197404 0.175892 0.154381 0.132870 0.111358 0.089847 0.068336 0.046825 0.055663
0.203425 0.280012 0.319091 0.245644 0.172197 0.098750 0.025303 -0.048144 -0.121591 -0.195038 -0.268485 -0.341932 -0.415379 -0.451678 -0.450829 -0.449980 -0.449131 -0.448281 -0.447432 -0.446583 -0.445734 -0.444885 -0.444035 -0.443186 -0.421266 -0.392323 -0.363379 -0.334436 -0.305492 -0.276549 -0.247605 -0.218662 -0.189718 -0.160775 -0.131831 -0.162184 -0.192536 -0.222889 -0.253241 -0.283594 -0.313946 -0.344299 -0.374652 -0.405004 -0.435357 -0.440366 -0.369347 -0.298328 -0.227309 -0.156289 -0.085270 -0.014251 0.056769 0.127788 0.198807 0.269827 0.285741 0.246549 0.207358 0.168166 0.128975 0.089784 0.050592 0.011401 -0.027790 -0.066982 -0.106173 -0.128299 -0.144736 -0.161174 -0.177611 -0.194048 -0.210486 -0.226923 -0.243360 -0.259798 -0.276235 -0.292672 -0.272525 -0.252378 -0.232231 -0.212084 -0.191937 -0.171790 -0.151643 -0.131496 -0.111349 -0.091202 -0.066656 -0.028913 0.008829 0.046571 0.084314 0.122056 0.159798 0.197540 0.235283 0.273025 0.310767 0.317669 0.293729 0.269789 0.245850 0.221910 0.197970 0.174031 0.150091 0.126152 0.102212 0.078272 0.082752
0.258147 0.348528 0.394909 0.309288 0.223667 0.138045 0.052424 -0.033197 -0.118818 -0.204440 -0.290061 -0.375682 -0.461303 -0.505720 -0.508932 -0.512144 -0.515356 -0.518568 -0.521780 -0.524993 -0.528205 -0.531417 -0.534629 -0.537841 -0.512334 -0.477255 -0.442176 -0.407097 -0.372018 -0.336939 -0.301860 -0.266780 -0.231701 -0.196622 -0.161543 -0.189802 -0.218062 -0.246321 -0.274580 -0.302840 -0.331099 -0.359359 -0.387618 -0.415877 -0.444137 -0.445785 -0.367602 -0.289419 -0.211236 -0.133052 -0.054869 0.023314 0.101497 0.179681 0.257864 0.336047 0.353700 0.310823 0.267945 0.225068 0.182190 0.139313 0.096436 0.053558 0.010681 -0.032196 -0.075074 -0.104732 -0.129984 -0.155236 -0.180487 -0.205739 -0.230991 -0.256243 -0.281495 -0.306746 -0.331998 -0.357250 -0.329030 -0.300809 -0.272589 -0.244368 -0.216148 -0.187928 -0.159707 -0.131487 -0.103267 -0.075046 -0.043638 -0.002664 0.038309 0.079283 0.120256 0.161230 0.202203 0.243177 0.284150 0.325124 0.366097 0.373400 0.347032 0.320664 0.294296 0.267928 0.241560 0.215192 0.188824 0.162456 0.136088 0.109720 0.109842
0.312869 0.417045 0.470728 0.372932 0.275137 0.177341 0.079545 -0.018250 -0.116046 -0.213841 -0.311637 -0.409432 -0.507228 -0.559762 -0.567035 -0.574309 -0.581582 -0.588855 -0.596129 -0.603402 -0.610675 -0.617949 -0.625222 -0.632495 -0.603403 -0.562188 -0.520973 -0.479758 -0.438544 -0.397329 -0.356114 -0.314899 -0.273684 -0.232470 -0.191255 -0.217421 -0.243587 -0.269753 -0.295920 -0.322086 -0.348252 -0.374418 -0.400584 -0.426750 -0.452917 -0.451204 -0.365857 -0.280510 -0.195163 -0.109816 -0.024468 0.060879 0.146226 0.231573 0.316920 0.402268 0.421659 0.375096 0.328533 0.281969 0.235406 0.188842 0.142279 0.095715 0.049152 0.002589 -0.043975 -0.081165 -0.115232 -0.149298 -0.183364 -0.217430 -0.251496 -0.285563 -0.319629 -0.353695 -0.387761 -0.421827 -0.385534 -0.349240 -0.312946 -0.276653 -0.240359 -0.204065 -0.167772 -0.131478 -0.095184 -0.058891 -0.020619 0.023585 0.067790 0.111995 0.156199 0.200404 0.244608 0.288813 0.333018 0.377222 0.421427 0.429131 0.400335 0.371539 0.342742 0.313946 0.285149 0.256353 0.227557 0.198760 0.169964 0.141168 0.136931
0.268795 0.364016 0.413268 0.324614 0.235959 0.147304 0.058650 -0.030005 -0.118659 -0.207314 -0.295969 -0.384623 -0.473278 -0.517106 -0.516108 -0.515110 -0.514112 -0.513114 -0.512116 -0.511118 -0.510120 -0.509122 -0.508124 -0.507126 -0.488555 -0.464126 -0.439697 -0.415268 -0.390840 -0.366411 -0.341982 -0.317553 -0.293124 -0.268695 -0.244266 -0.261146 -0.278027 -0.294907 -0.311788 -0.328668 -0.345549 -0.362429 -0.379310 -0.396190 -0.413071 -0.406780 -0.330975 -0.255169 -0.179364 -0.103559 -0.027753 0.048052 0.123857 0.199663 0.275468 0.351273 0.367337 0.323660 0.279982 0.236305 0.192627 0.148950 0.105272 0.061595 0.017917 -0.025760 -0.069438 -0.097550 -0.120473 -0.143397 -0.166321 -0.189244 -0.212168 -0.235091 -0.258015 -0.280939 -0.303862 -0.326786 -0.295698 -0.264611 -0.233523 -0.202436 -0.171348 -0.140260 -0.109173 -0.078085 -0.046998 -0.015910 0.015861 0.049684 0.083507 0.117330 0.151153 0.184976 0.218799 0.252623 0.286446 0.320269 0.354092 0.359675 0.337019 0.314362 0.291706 0.269050 0.246394 0.223737 0.201081 0.178425 0.155768 0.133112 0.126626
0.224721 0.310987 0.355809 0.276295 0.196781 0.117268 0.037754 -0.041760 -0.121273 -0.200787 -0.280300 -0.359814 -0.439328 -0.474450 -0.465181 -0.455911 -0.446642 -0.437373 -0.428104 -0.418835 -0.409565 -0.400296 -0.391027 -0.381758 -0.373708 -0.366065 -0.358422 -0.350779 -0.343136 -0.335492 -0.327849 -0.320206 -0.312563 -0.304920 -0.297277 -0.304872 -0.312467 -0.320061 -0.327656 -0.335251 -0.342846 -0.350441 -0.358035 -0.365630 -0.373225 -0.362355 -0.296092 -0.229829 -0.163565 -0.097302 -0.031038 0.035225 0.101488 0.167752 0.234015 0.300279 0.313015 0.272223 0.231431 0.190640 0.149848 0.109057 0.068265 0.027474 -0.013318 -0.054109 -0.094901 -0.113934 -0.125715 -0.137496 -0.149277 -0.161058 -0.172839 -0.184620 -0.196401 -0.208182 -0.219963 -0.231744 -0.205863 -0.179981 -0.154100 -0.128218 -0.102337 -0.076455 -0.050574 -0.024693 0.001189 0.027070 0.052342 0.075783 0.099225 0.122666 0.146107 0.169549 0.192990 0.216432 0.239873 0.263315 0.286756 0.290219 0.273703 0.257186 0.240670 0.224154 0.207638 0.191122 0.174605 0.158089 0.141573 0.125057 0.116321
0.180647 0.257959 0.298349 0.227976 0.157604 0.087231 0.016858 -0.053514 -0.123887 -0.194260 -0.264632 -0.335005 -0.405378 -0.431794 -0.414253 -0.396713 -0.379172 -0.361632 -0.344091 -0.326551 -0.309010 -0.291470 -0.273929 -0.256389 -0.258861 -0.268003 -0.277146 -0.286289 -0.295432 -0.304574 -0.313717 -0.322860 -0.332003 -0.341145 -0.350288 -0.348597 -0.346906 -0.345215 -0.343525 -0.341834 -0.340143 -0.338452 -0.336761 -0.335070 -0.333379 -0.317931 -0.261209 -0.204488 -0.147766 -0.091045 -0.034323 0.022398 0.079120 0.135841 0.192563 0.249284 0.258692 0.220787 0.182881 0.144975 0.107070 0.069164 0.031259 -0.006647 -0.044553 -0.082458 -0.120364 -0.130319 -0.130957 -0.131596 -0.132234 -0.132872 -0.133511 -0.134149 -0.134787 -0.135426 -0.136064 -0.136702 -0.116027 -0.095352 -0.074676 -0.054001 -0.033326 -0.012650 0.008025 0.028700 0.049375 0.070051 0.088822 0.101882 0.114942 0.128002 0.141062 0.154122 0.167181 0.180241 0.193301 0.206361 0.219421 0.220763 0.210387 0.200010 0.189634 0.179258 0.168882 0.158506 0.148130 0.137753 0.127377 0.117001 0.106016
0.136574 0.204930 0.240890 0.179658 0.118426 0.057194 -0.004037 -0.065269 -0.126501 -0.187732 -0.248964 -0.310196 -0.371428 -0.389138 -0.363326 -0.337514 -0.311702 -0.285890 -0.260079 -0.234267 -0.208455 -0.182643 -0.156832 -0.131020 -0.144013 -0.169942 -0.195870 -0.221799 -0.247728 -0.273656 -0.299585 -0.325513 -0.351442 -0.377371 -0.403299 -0.392323 -0.381346 -0.370369 -0.359393 -0.348416 -0.337440 -0.326463 -0.315487 -0.304510 -0.293534 -0.273506 -0.226327 -0.179147 -0.131968 -0.084788 -0.037608 0.009571 0.056751 0.103930 0.151110 0.198290 0.204370 0.169350 0.134330 0.099311 0.064291 0.029271 -0.005748 -0.040768 -0.075788 -0.110807 -0.145827 -0.146704 -0.136199 -0.125695 -0.115191 -0.104686 -0.094182 -0.083678 -0.073174 -0.062669 -0.052165 -0.041661 -0.026191 -0.010722 0.004747 0.020216 0.035685 0.051155 0.066624 0.082093 0.097562 0.113031 0.125303 0.127981 0.130659 0.133338 0.136016 0.138694 0.141372 0.144051 0.146729 0.149407 0.152085 0.151307 0.147070 0.142834 0.138598 0.134362 0.130126 0.125890 0.121654 0.117418 0.113182 0.108946 0.095711
0.092500 0.151902 0.183430 0.131339 0.079249 0.027158 -0.024933 -0.077024 -0.129115 -0.181205 -0.233296 -0.285387 -0.337478 -0.346481 -0.312398 -0.278315 -0.244232 -0.210149 -0.176066 -0.141983 -0.107900 -0.073817 -0.039734 -0.005651 -0.029166 -0.071880 -0.114595 -0.157309 -0.200024 -0.242738 -0.285452 -0.328167 -0.370881 -0.413596 -0.456310 -0.436048 -0.415786 -0.395523 -0.375261 -0.354999 -0.334737 -0.314475 -0.294212 -0.273950 -0.253688 -0.229082 -0.191444 -0.153806 -0.116169 -0.078531 -0.040893 -0.003256 0.034382 0.072020 0.109658 0.147295 0.150047 0.117914 0.085780 0.053646 0.021512 -0.010621 -0.042755 -0.074889 -0.107022 -0.139156 -0.171290 -0.163088 -0.141441 -0.119794 -0.098147 -0.076500 -0.054854 -0.033207 -0.011560 0.010087 0.031734 0.053381 0.063644 0.073907 0.084170 0.094433 0.104696 0.114960 0.125223 0.135486 0.145749 0.156012 0.161783 0.154080 0.146377 0.138673 0.130970 0.123267 0.115563 0.107860 0.100157 0.092453 0.084750 0.081850 0.083754 0.085658 0.087562 0.089466 0.091370 0.093274 0.095178 0.097082 0.098986 0.100890 0.085406
0.048426 0.098873 0.125971 0.083021 0.040071 -0.002879 -0.045829 -0.088779 -0.131728 -0.174678 -0.217628 -0.260578 -0.303528 -0.303825 -0.261471 -0.219117 -0.176762 -0.134408 -0.092054 -0.049699 -0.007345 0.035009 0.077364 0.119718 0.085681 0.026181 -0.033319 -0.092819 -0.152320 -0.211820 -0.271320 -0.330820 -0.390321 -0.449821 -0.509321 -0.479773 -0.450225 -0.420678 -0.391130 -0.361582 -0.332034 -0.302486 -0.272938 -0.243390 -0.213842 -0.184657 -0.156562 -0.128466 -0.100370 -0.072274 -0.044178 -0.016082 0.012013 0.040109 0.068205 0.096301 0.095725 0.066477 0.037229 0.007981 -0.021266 -0.050514 -0.079762 -0.109010 -0.138257 -0.167505 -0.196753 -0.179473 -0.146683 -0.113894 -0.081104 -0.048315 -0.015525 0.017265 0.050054 0.082844 0.115633 0.148423 0.153480 0.158537 0.163594 0.168651 0.173708 0.178765 0.183821 0.188878 0.193935 0.198992 0.198264 0.180179 0.162094 0.144009 0.125924 0.107839 0.089754 0.071669 0.053584 0.035500 0.017415 0.012394 0.020438 0.028482 0.036526 0.044570 0.052614 0.060658 0.068702 0.076747 0.084791 0.092835 0.075101
0.004352 0.045844 0.068511 0.034702 0.000893 -0.032916 -0.066724 -0.100533 -0.134342 -0.168151 -0.201960 -0.235769 -0.269578 -0.261169 -0.210544 -0.159918 -0.109292 -0.058667 -0.008041 0.042584 0.093210 0.143836 0.194461 0.245087 0.200529 0.124243 0.047957 -0.028330 -0.104616 -0.180902 -0.257188 -0.333474 -0.409760 -0.486046 -0.562332 -0.523499 -0.484665 -0.445832 -0.406998 -0.368164 -0.329331 -0.290497 -0.251664 -0.212830 -0.173996 -0.140233 -0.121679 -0.103125 -0.084571 -0.066017 -0.047463 -0.028909 -0.010355 0.008198 0.026752 0.045306 0.041402 0.015041 -0.011321 -0.037683 -0.064045 -0.090407 -0.116769 -0.143130 -0.169492 -0.195854 -0.222216 -0.195857 -0.151925 -0.107993 -0.064061 -0.020129 0.023804 0.067736 0.111668 0.155600 0.199532 0.243465 0.243315 0.243166 0.243017 0.242868 0.242719 0.242570 0.242420 0.242271 0.242122 0.241973 0.234744 0.206278 0.177811 0.149345 0.120878 0.092412 0.063945 0.035479 0.007012 -0.021454 -0.049921 -0.057062 -0.042878 -0.028694 -0.014510 -0.000326 0.013859 0.028043 0.042227 0.056411 0.070595 0.084779 0.064796
-0.039721 -0.007184 0.011052 -0.013616 -0.038284 -0.062952 -0.087620 -0.112288 -0.136956 -0.161624 -0.186292 -0.210960 -0.235628 -0.218513 -0.159616 -0.100719 -0.041822 0.017074 0.075971 0.134868 0.193765 0.252662 0.311559 0.370456 0.315376 0.222304 0.129232 0.036160 -0.056912 -0.149984 -0.243056 -0.336127 -0.429199 -0.522271 -0.615343 -0.567224 -0.519105 -0.470986 -0.422866 -0.374747 -0.326628 -0.278509 -0.230389 -0.182270 -0.134151 -0.095808 -0.086796 -0.077784 -0.068772 -0.059760 -0.050748 -0.041736 -0.032724 -0.023712 -0.014700 -0.005688 -0.012920 -0.036396 -0.059872 -0.083348 -0.106824 -0.130300 -0.153775 -0.177251 -0.200727 -0.224203 -0.247679 -0.212242 -0.157167 -0.102092 -0.047017 0.008057 0.063132 0.118207 0.173282 0.228357 0.283431 0.338506 0.333151 0.327796 0.322440 0.317085 0.311730 0.306375 0.301019 0.295664 0.290309 0.284953 0.271225 0.232377 0.193529 0.154681 0.115832 0.076984 0.038136 -0.000712 -0.039560 -0.078408 -0.117256 -0.126518 -0.106194 -0.085870 -0.065546 -0.045221 -0.024897 -0.004573 0.015751 0.036075 0.056399 0.076724 0.054491
-0.083795 -0.060213 -0.046408 -0.061935 -0.077462 -0.092989 -0.108516 -0.124043 -0.139570 -0.155097 -0.170624 -0.186151 -0.201678 -0.175857 -0.108689 -0.041521 0.025648 0.092816 0.159984 0.227152 0.294320 0.361488 0.428657 0.495825 0.430223 0.320366 0.210508 0.100650 -0.009208 -0.119065 -0.228923 -0.338781 -0.448639 -0.558497 -0.668354 -0.610949 -0.553545 -0.496140 -0.438735 -0.381330 -0.323925 -0.266520 -0.209115 -0.151710 -0.094305 -0.051384 -0.051914 -0.052444 -0.052973 -0.053503 -0.054033 -0.054563 -0.055093 -0.055623 -0.056153 -0.056683 -0.067243 -0.087833 -0.108422 -0.129012 -0.149602 -0.170192 -0.190782 -0.211372 -0.231962 -0.252552 -0.273142 -0.228626 -0.162409 -0.096192 -0.029974 0.036243 0.102461 0.168678 0.234896 0.301113 0.367331 0.433548 0.422987 0.412425 0.401864 0.391302 0.380741 0.370180 0.359618 0.349057 0.338495 0.327934 0.307705 0.258476 0.209246 0.160016 0.110787 0.061557 0.012327 -0.036902 -0.086132 -0.135362 -0.184592 -0.195974 -0.169510 -0.143046 -0.116582 -0.090117 -0.063653 -0.037189 -0.010725 0.015740 0.042204 0.068668 0.044186
-0.127869 -0.113242 -0.103867 -0.110253 -0.116639 -0.123025 -0.129411 -0.135797 -0.142183 -0.148569 -0.154955 -0.161341 -0.167727 -0.133201 -0.057761 0.017678 0.093118 0.168557 0.243996 0.319436 0.394875 0.470315 0.545754 0.621194 0.545071 0.418427 0.291784 0.165140 0.038496 -0.088147 -0.214791 -0.341435 -0.468078 -0.594722 -0.721365 -0.654675 -0.587984 -0.521294 -0.454603 -0.387912 -0.321222 -0.254531 -0.187841 -0.121150 -0.054459 -0.006959 -0.017031 -0.027103 -0.037175 -0.047246 -0.057318 -0.067390 -0.077462 -0.087534 -0.097605 -0.107677 -0.121565 -0.139269 -0.156973 -0.174677 -0.192381 -0.210085 -0.227789 -0.245493 -0.263197 -0.280901 -0.298605 -0.245011 -0.167651 -0.090291 -0.012931 0.064429 0.141789 0.219149 0.296509 0.373870 0.451230 0.528590 0.512822 0.497055 0.481287 0.465520 0.449752 0.433985 0.418217 0.402449 0.386682 0.370914 0.344186 0.284575 0.224963 0.165352 0.105741 0.046129 -0.013482 -0.073093 -0.132704 -0.192316 -0.251927 -0.265430 -0.232826 -0.200222 -0.167618 -0.135013 -0.102409 -0.069805 -0.037200 -0.004596 0.028008 0.060613 0.033881
-0.171943 -0.166270 -0.161327 -0.158572 -0.155817 -0.153062 -0.150307 -0.147552 -0.144797 -0.142042 -0.139287 -0.136532 -0.133777 -0.090545 -0.006834 0.076877 0.160588 0.244298 0.328009 0.411720 0.495430 0.579141 0.662852 0.746563 0.659918 0.516489 0.373059 0.229630 0.086200 -0.057229 -0.200659 -0.344088 -0.487518 -0.630947 -0.774376 -0.698400 -0.622424 -0.546448 -0.470471 -0.394495 -0.318519 -0.242542 -0.166566 -0.090590 -0.014614 0.037465 0.017852 -0.001762 -0.021376 -0.040990 -0.060603 -0.080217 -0.099831 -0.119444 -0.139058 -0.158672 -0.175887 -0.190706 -0.205524 -0.220342 -0.235160 -0.249978 -0.264796 -0.279614 -0.294432 -0.309250 -0.324068 -0.261396 -0.172893 -0.084390 0.004113 0.092615 0.181118 0.269621 0.358123 0.446626 0.535129 0.623631 0.602658 0.581684 0.560710 0.539737 0.518763 0.497790 0.476816 0.455842 0.434869 0.413895 0.380666 0.310674 0.240681 0.170688 0.100695 0.030702 -0.039291 -0.109284 -0.179277 -0.249269 -0.319262 -0.334887 -0.296142 -0.257398 -0.218654 -0.179909 -0.141165 -0.102420 -0.063676 -0.024932 0.013813 0.052557 0.023576
-0.127568 -0.118118 -0.110887 -0.110312 -0.109737 -0.109161 -0.108586 -0.108011 -0.107435 -0.106860 -0.106285 -0.105709 -0.105134 -0.063738 0.018479 0.100696 0.182913 0.265130 0.347347 0.429564 0.511780 0.593997 0.676214 0.758431 0.678468 0.544446 0.410423 0.276400 0.142378 0.008355 -0.125668 -0.259690 -0.393713 -0.527736 -0.661758 -0.597728 -0.533698 -0.469667 -0.405637 -0.341606 -0.277576 -0.213546 -0.149515 -0.085485 -0.021455 0.023132 0.009387 -0.004359 -0.018104 -0.031849 -0.045594 -0.059340 -0.073085 -0.086830 -0.100576 -0.114321 -0.131770 -0.152921 -0.174073 -0.195225 -0.216377 -0.237529 -0.258681 -0.279833 -0.300985 -0.322137 -0.343289 -0.286310 -0.203287 -0.120264 -0.037241 0.045782 0.128805 0.211828 0.294851 0.377874 0.460897 0.543919 0.521068 0.498217 0.475365 0.452514 0.429663 0.406811 0.383960 0.361109 0.338257 0.315406 0.283895 0.226407 0.168919 0.111431 0.053943 -0.003546 -0.061034 -0.118522 -0.176010 -0.233498 -0.290986 -0.301168 -0.264044 -0.226920 -0.189796 -0.152672 -0.115548 -0.078424 -0.041299 -0.004175 0.032949 0.070073 0.042166
-0.083193 -0.069966 -0.060447 -0.062052 -0.063656 -0.065260 -0.066865 -0.068469 -0.070073 -0.071678 -0.073282 -0.074886 -0.076491 -0.036931 0.043792 0.124515 0.205238 0.285961 0.366684 0.447407 0.528131 0.608854 0.689577 0.770300 0.697019 0.572403 0.447787 0.323171 0.198555 0.073939 -0.050677 -0.175292 -0.299908 -0.424524 -0.549140 -0.497056 -0.444971 -0.392887 -0.340802 -0.288718 -0.236633 -0.184549 -0.132464 -0.080380 -0.028295 0.008799 0.000922 -0.006955 -0.014832 -0.022709 -0.030586 -0.038463 -0.046340 -0.054216 -0.062093 -0.069970 -0.087652 -0.115137 -0.142623 -0.170109 -0.197595 -0.225081 -0.252566 -0.280052 -0.307538 -0.335024 -0.362510 -0.311224 -0.233681 -0.156138 -0.078594 -0.001051 0.076492 0.154035 0.231578 0.309121 0.386664 0.464207 0.439478 0.414749 0.390020 0.365291 0.340562 0.315833 0.291104 0.266375 0.241646 0.216917 0.187124 0.142141 0.097157 0.052174 0.007190 -0.037793 -0.082777 -0.127760 -0.172743 -0.217727 -0.262710 -0.267450 -0.231946 -0.196442 -0.160938 -0.125435 -0.089931 -0.054427 -0.018923 0.016581 0.052085 0.087589 0.060756
-0.038817 -0.021814 -0.010008 -0.013792 -0.017576 -0.021359 -0.025143 -0.028927 -0.032711 -0.036495 -0.040279 -0.044063 -0.047847 -0.010124 0.069105 0.148334 0.227563 0.306793 0.386022 0.465251 0.544481 0.623710 0.702939 0.782168 0.715569 0.600360 0.485151 0.369942 0.254733 0.139524 0.024314 -0.090895 -0.206104 -0.321313 -0.436522 -0.396383 -0.356245 -0.316106 -0.275968 -0.235829 -0.195691 -0.155552 -0.115413 -0.075275 -0.035136 -0.005535 -0.007543 -0.009552 -0.011560 -0.013569 -0.015577 -0.017586 -0.019594 -0.021603 -0.023611 -0.025620 -0.043534 -0.077353 -0.111173 -0.144993 -0.178812 -0.212632 -0.246452 -0.280271 -0.314091 -0.347911 -0.381730 -0.336138 -0.264075 -0.192011 -0.119948 -0.047885 0.024179 0.096242 0.168306 0.240369 0.312432 0.384496 0.357889 0.331282 0.304675 0.278068 0.251462 0.224855 0.198248 0.171641 0.145035 0.118428 0.090353 0.057874 0.025396 -0.007083 -0.039562 -0.072041 -0.104519 -0.136998 -0.169477 -0.201956 -0.234434 -0.233732 -0.199848 -0.165965 -0.132081 -0.098197 -0.064314 -0.030430 0.003454 0.037337 0.071221 0.105105 0.079347
0.005558 0.026338 0.040432 0.034469 0.028505 0.022541 0.016578 0.010614 0.004651 -0.001313 -0.007276 -0.013240 -0.019204 0.016682 0.094418 0.172153 0.249889 0.327624 0.405360 0.483095 0.560831 0.638566 0.716302 0.794037 0.734119 0.628317 0.522515 0.416712 0.310910 0.205108 0.099305 -0.006497 -0.112299 -0.218101 -0.323904 -0.295711 -0.267518 -0.239326 -0.211133 -0.182941 -0.154748 -0.126555 -0.098363 -0.070170 -0.041977 -0.019868 -0.016008 -0.012148 -0.008288 -0.004428 -0.000568 0.003291 0.007151 0.011011 0.014871 0.018731 0.000584 -0.039569 -0.079723 -0.119876 -0.160030 -0.200184 -0.240337 -0.280491 -0.320644 -0.360798 -0.400951 -0.361052 -0.294468 -0.227885 -0.161301 -0.094718 -0.028134 0.038449 0.105033 0.171616 0.238200 0.304784 0.276299 0.247815 0.219330 0.190846 0.162361 0.133877 0.105392 0.076908 0.048423 0.019939 -0.006418 -0.026392 -0.046366 -0.066340 -0.086314 -0.106288 -0.126262 -0.146236 -0.166210 -0.186184 -0.206158 -0.200014 -0.167750 -0.135487 -0.103223 -0.070960 -0.038696 -0.006433 0.025830 0.058094 0.090357 0.122621 0.097937
0.049933 0.074490 0.090872 0.082729 0.074585 0.066442 0.058299 0.050156 0.042013 0.033869 0.025726 0.017583 0.009440 0.043489 0.119731 0.195972 0.272214 0.348456 0.424697 0.500939 0.577181 0.653422 0.729664 0.805906 0.752670 0.656274 0.559878 0.463483 0.367087 0.270692 0.174296 0.077901 -0.018495 -0.114890 -0.211286 -0.195039 -0.178792 -0.162545 -0.146299 -0.130052 -0.113805 -0.097558 -0.081312 -0.065065 -0.048818 -0.034201 -0.024473 -0.014745 -0.005016 0.004712 0.014440 0.024169 0.033897 0.043625 0.053353 0.063082 0.044702 -0.001785 -0.048273 -0.094760 -0.141248 -0.187735 -0.234222 -0.280710 -0.327197 -0.373685 -0.420172 -0.385966 -0.324862 -0.263759 -0.202655 -0.141551 -0.080447 -0.019343 0.041760 0.102864 0.163968 0.225072 0.194709 0.164347 0.133985 0.103623 0.073261 0.042898 0.012536 -0.017826 -0.048188 -0.078550 -0.103189 -0.110659 -0.118128 -0.125597 -0.133067 -0.140536 -0.148005 -0.155474 -0.162944 -0.170413 -0.177882 -0.166296 -0.135652 -0.105009 -0.074366 -0.043723 -0.013079 0.017564 0.048207 0.078850 0.109493 0.140137 0.116528
0.094308 0.122642 0.141312 0.130989 0.120666 0.110343 0.100020 0.089697 0.079375 0.069052 0.058729 0.048406 0.038083 0.070296 0.145044 0.219792 0.294539 0.369287 0.444035 0.518783 0.593531 0.668279 0.743027 0.817774 0.771220 0.684231 0.597242 0.510254 0.423265 0.336276 0.249287 0.162299 0.075310 -0.011679 -0.098667 -0.094367 -0.090066 -0.085765 -0.081464 -0.077163 -0.072862 -0.068562 -0.064261 -0.059960 -0.055659 -0.048534 -0.032938 -0.017341 -0.001744 0.013852 0.029449 0.045046 0.060642 0.076239 0.091836 0.107432 0.088820 0.035999 -0.016823 -0.069644 -0.122465 -0.175286 -0.228108 -0.280929 -0.333750 -0.386572 -0.439393 -0.410880 -0.355256 -0.299632 -0.244008 -0.188384 -0.132760 -0.077136 -0.021512 0.034112 0.089736 0.145360 0.113120 0.080880 0.048640 0.016400 -0.015840 -0.048080 -0.080320 -0.112560 -0.144799 -0.177039 -0.199960 -0.194925 -0.189890 -0.184854 -0.179819 -0.174783 -0.169748 -0.164713 -0.159677 -0.154642 -0.149606 -0.132577 -0.103554 -0.074531 -0.045508 -0.016485 0.012538 0.041561 0.070584 0.099607 0.128630 0.157653 0.135118
0.138683 0.170794 0.191751 0.179249 0.166746 0.154244 0.141742 0.129239 0.116737 0.104234 0.091732 0.079229 0.066727 0.097103 0.170357 0.243611 0.316865 0.390119 0.463373 0.536627 0.609881 0.683135 0.756389 0.829643 0.789770 0.712188 0.634606 0.557024 0.479442 0.401860 0.324279 0.246697 0.169115 0.091533 0.013951 0.006306 -0.001339 -0.008984 -0.016630 -0.024275 -0.031920 -0.039565 -0.047210 -0.054855 -0.062500 -0.062868 -0.041403 -0.019937 0.001528 0.022993 0.044458 0.065923 0.087388 0.108853 0.130318 0.151783 0.132938 0.073783 0.014628 -0.044528 -0.103683 -0.162838 -0.221993 -0.281148 -0.340303 -0.399459 -0.458614 -0.435794 -0.385650 -0.335506 -0.285362 -0.235217 -0.185073 -0.134929 -0.084785 -0.034641 0.015504 0.065648 0.031530 -0.002587 -0.036705 -0.070823 -0.104940 -0.139058 -0.173176 -0.207293 -0.241411 -0.275528 -0.296732 -0.279191 -0.261651 -0.244111 -0.226571 -0.209031 -0.191491 -0.173951 -0.156411 -0.138871 -0.121330 -0.098859 -0.071456 -0.044054 -0.016651 0.010752 0.038155 0.065558 0.092960 0.120363 0.147766 0.175169 0.153709
0.183058 0.218946 0.242191 0.227509 0.212827 0.198145 0.183463 0.168781 0.154099 0.139417 0.124734 0.110052 0.095370 0.123909 0.195670 0.267430 0.339190 0.410950 0.482710 0.554471 0.626231 0.697991 0.769751 0.841512 0.808320 0.740145 0.671970 0.603795 0.535620 0.467445 0.399270 0.331094 0.262919 0.194744 0.126569 0.106978 0.087387 0.067796 0.048205 0.028614 0.009023 -0.010568 -0.030159 -0.049750 -0.069341 -0.077201 -0.049867 -0.022534 0.004799 0.032133 0.059466 0.086800 0.114133 0.141467 0.168800 0.196134 0.177056 0.111567 0.046078 -0.019411 -0.084900 -0.150389 -0.215878 -0.281367 -0.346856 -0.412345 -0.477835 -0.460708 -0.416044 -0.371380 -0.326715 -0.282051 -0.237386 -0.192722 -0.148057 -0.103393 -0.058729 -0.014064 -0.050059 -0.086055 -0.122050 -0.158045 -0.194041 -0.230036 -0.266031 -0.302027 -0.338022 -0.374017 -0.393503 -0.363458 -0.333413 -0.303368 -0.273323 -0.243279 -0.213234 -0.183189 -0.153144 -0.123099 -0.093054 -0.065141 -0.039358 -0.013576 0.012207 0.037989 0.063772 0.089554 0.115337 0.141119 0.166902 0.192684 0.172299
0.227433 0.267098 0.292631 0.275769 0.258907 0.242046 0.225184 0.208322 0.191461 0.174599 0.157737 0.140875 0.124014 0.150716 0.220983 0.291249 0.361515 0.431782 0.502048 0.572315 0.642581 0.712847 0.783114 0.853380 0.826871 0.768102 0.709334 0.650566 0.591797 0.533029 0.474261 0.415492 0.356724 0.297956 0.239187 0.207650 0.176113 0.144576 0.113040 0.081503 0.049966 0.018429 -0.013108 -0.044645 -0.076182 -0.091534 -0.058332 -0.025130 0.008071 0.041273 0.074475 0.107677 0.140879 0.174081 0.207282 0.240484 0.221174 0.149351 0.077528 0.005705 -0.066118 -0.137941 -0.209764 -0.281587 -0.353410 -0.425232 -0.497055 -0.485623 -0.446438 -0.407253 -0.368069 -0.328884 -0.289699 -0.250515 -0.211330 -0.172145 -0.132961 -0.093776 -0.131649 -0.169522 -0.207395 -0.245268 -0.283141 -0.321014 -0.358887 -0.396760 -0.434633 -0.472506 -0.490274 -0.447724 -0.405175 -0.362625 -0.320076 -0.277526 -0.234977 -0.192427 -0.149878 -0.107328 -0.064779 -0.031423 -0.007260 0.016902 0.041064 0.065227 0.089389 0.113551 0.137714 0.161876 0.186038 0.210200 0.190890
0.271808 0.315250 0.343071 0.324029 0.304988 0.285947 0.266905 0.247864 0.228823 0.209781 0.190740 0.171699 0.152657 0.177523 0.246295 0.315068 0.383841 0.452613 0.521386 0.590158 0.658931 0.727704 0.796476 0.865249 0.845421 0.796059 0.746698 0.697336 0.647975 0.598613 0.549252 0.499890 0.450528 0.401167 0.351805 0.308323 0.264840 0.221357 0.177874 0.134391 0.090908 0.047426 0.003943 -0.039540 -0.083023 -0.105867 -0.066797 -0.027727 0.011343 0.050414 0.089484 0.128554 0.167624 0.206694 0.245765 0.284835 0.265292 0.187135 0.108978 0.030821 -0.047335 -0.125492 -0.203649 -0.281806 -0.359963 -0.438119 -0.516276 -0.510537 -0.476832 -0.443127 -0.409422 -0.375717 -0.342012 -0.308308 -0.274603 -0.240898 -0.207193 -0.173488 -0.213239 -0.252990 -0.292740 -0.332491 -0.372242 -0.411993 -0.451743 -0.491494 -0.531245 -0.570995 -0.587045 -0.531991 -0.476937 -0.421882 -0.366828 -0.311774 -0.256720 -0.201665 -0.146611 -0.091557 -0.036503 0.002296 0.024838 0.047380 0.069922 0.092464 0.115006 0.137548 0.160090 0.182632 0.205174 0.227716 0.209480
0.316183 0.363402 0.393510 0.372289 0.351068 0.329848 0.308627 0.287406 0.266185 0.244964 0.223743 0.202522 0.181301 0.204330 0.271608 0.338887 0.406166 0.473445 0.540724 0.608002 0.675281 0.742560 0.809839 0.877118 0.863971 0.824016 0.784062 0.744107 0.704152 0.664197 0.624243 0.584288 0.544333 0.504378 0.464424 0.408995 0.353566 0.298137 0.242709 0.187280 0.131851 0.076422 0.020994 -0.034435 -0.089864 -0.120201 -0.075262 -0.030323 0.014615 0.059554 0.104492 0.149431 0.194370 0.239308 0.284247 0.329186 0.309410 0.224919 0.140428 0.055938 -0.028553 -0.113044 -0.197534 -0.282025 -0.366516 -0.451006 -0.535497 -0.535451 -0.507226 -0.479001 -0.450776 -0.422550 -0.394325 -0.366100 -0.337875 -0.309650 -0.281425 -0.253200 -0.294828 -0.336457 -0.378085 -0.419714 -0.461342 -0.502971 -0.544599 -0.586228 -0.627856 -0.669485 -0.683816 -0.616257 -0.548698 -0.481139 -0.413580 -0.346021 -0.278462 -0.210903 -0.143344 -0.075785 -0.008227 0.036014 0.056936 0.077858 0.098779 0.119701 0.140623 0.161545 0.182467 0.203389 0.224310 0.245232 0.228070
0.298039 0.339885 0.365781 0.343827 0.321873 0.299919 0.277965 0.256011 0.234057 0.212103 0.190149 0.168195 0.146241 0.168435 0.234777 0.301119 0.367460 0.433802 0.500144 0.566485 0.632827 0.699169 0.765511 0.831852 0.821684 0.786013 0.750342 0.714670 0.678999 0.643328 0.607656 0.571985 0.536314 0.500642 0.464971 0.410770 0.356570 0.302369 0.248168 0.193968 0.139767 0.085566 0.031366 -0.022835 -0.077036 -0.107903 -0.068769 -0.029634 0.009500 0.048634 0.087768 0.126902 0.166036 0.205171 0.244305 0.283439 0.267054 0.195151 0.123247 0.051344 -0.020560 -0.092464 -0.164367 -0.236271 -0.308174 -0.380078 -0.451981 -0.448352 -0.419545 -0.390738 -0.361932 -0.333125 -0.304318 -0.275511 -0.246704 -0.217897 -0.189091 -0.160284 -0.207269 -0.254255 -0.301240 -0.348226 -0.395211 -0.442197 -0.489182 -0.536168 -0.583153 -0.630138 -0.648628 -0.581629 -0.514631 -0.447632 -0.380634 -0.313635 -0.246637 -0.179638 -0.112640 -0.045641 0.021357 0.062727 0.078469 0.094211 0.109953 0.125694 0.141436 0.157178 0.172920 0.188662 0.204403 0.220145 0.204074
0.279894 0.316368 0.338051 0.315364 0.292677 0.269990 0.247303 0.224616 0.201929 0.179242 0.156555 0.133869 0.111182 0.132540 0.197945 0.263350 0.328754 0.394159 0.459564 0.524968 0.590373 0.655778 0.721182 0.786587 0.779397 0.748010 0.716622 0.685234 0.653846 0.622458 0.591070 0.559682 0.528294 0.496907 0.465519 0.412546 0.359573 0.306601 0.253628 0.200655 0.147683 0.094710 0.041738 -0.011235 -0.064208 -0.095605 -0.062275 -0.028945 0.004384 0.037714 0.071044 0.104373 0.137703 0.171033 0.204363 0.237692 0.224699 0.165383 0.106066 0.046750 -0.012567 -0.071883 -0.131200 -0.190516 -0.249833 -0.309149 -0.368466 -0.361253 -0.331865 -0.302476 -0.273088 -0.243699 -0.214310 -0.184922 -0.155533 -0.126145 -0.096756 -0.067368 -0.119710 -0.172053 -0.224395 -0.276737 -0.329080 -0.381422 -0.433765 -0.486107 -0.538450 -0.590792 -0.613440 -0.547002 -0.480564 -0.414126 -0.347688 -0.281249 -0.214811 -0.148373 -0.081935 -0.015497 0.050941 0.089441 0.100002 0.110564 0.121126 0.131688 0.142249 0.152811 0.163373 0.173934 0.184496 0.195058 0.180077
0.261750 0.292851 0.310321 0.286901 0.263481 0.240061 0.216642 0.193222 0.169802 0.146382 0.122962 0.099542 0.076122 0.096646 0.161114 0.225581 0.290049 0.354516 0.418984 0.483452 0.547919 0.612387 0.676854 0.741322 0.737111 0.710006 0.682902 0.655797 0.628693 0.601588 0.574484 0.547380 0.520275 0.493171 0.466066 0.414322 0.362577 0.310832 0.259088 0.207343 0.155599 0.103854 0.052109 0.000365 -0.051380 -0.083307 -0.055782 -0.028256 -0.000731 0.026794 0.054319 0.081845 0.109370 0.136895 0.164420 0.191946 0.182344 0.135614 0.088885 0.042156 -0.004574 -0.051303 -0.098033 -0.144762 -0.191491 -0.238221 -0.284950 -0.274155 -0.244184 -0.214214 -0.184244 -0.154273 -0.124303 -0.094333 -0.064362 -0.034392 -0.004422 0.025549 -0.032151 -0.089850 -0.147550 -0.205249 -0.262949 -0.320648 -0.378348 -0.436047 -0.493747 -0.551446 -0.578251 -0.512374 -0.446496 -0.380619 -0.314741 -0.248864 -0.182986 -0.117108 -0.051231 0.014647 0.080524 0.116154 0.121536 0.126917 0.132299 0.137681 0.143062 0.148444 0.153826 0.159207 0.164589 0.169971 0.156080
0.243606 0.269334 0.282591 0.258438 0.234286 0.210133 0.185980 0.161827 0.137674 0.113521 0.089368 0.065215 0.041063 0.060751 0.124282 0.187812 0.251343 0.314874 0.378404 0.441935 0.505465 0.568996 0.632526 0.696057 0.694824 0.672003 0.649182 0.626361 0.603540 0.580719 0.557898 0.535077 0.512256 0.489435 0.466614 0.416097 0.365581 0.315064 0.264548 0.214031 0.163514 0.112998 0.062481 0.011965 -0.038552 -0.071009 -0.049288 -0.027567 -0.005847 0.015874 0.037595 0.059316 0.081037 0.102758 0.124478 0.146199 0.139988 0.105846 0.071704 0.037562 0.003419 -0.030723 -0.064865 -0.099008 -0.133150 -0.167292 -0.201434 -0.187056 -0.156504 -0.125952 -0.095400 -0.064848 -0.034296 -0.003743 0.026809 0.057361 0.087913 0.118465 0.055408 -0.007648 -0.070705 -0.133761 -0.196818 -0.259874 -0.322931 -0.385987 -0.449044 -0.512100 -0.543063 -0.477746 -0.412429 -0.347112 -0.281795 -0.216478 -0.151161 -0.085843 -0.020526 0.044791 0.110108 0.142867 0.143069 0.143271 0.143472 0.143674 0.143875 0.144077 0.144279 0.144480 0.144682 0.144884 0.132083
0.225461 0.245817 0.254862 0.229976 0.205090 0.180204 0.155318 0.130432 0.105546 0.080661 0.055775 0.030889 0.006003 0.024857 0.087450 0.150044 0.212637 0.275231 0.337824 0.400418 0.463011 0.525605 0.588198 0.650792 0.652537 0.633999 0.615462 0.596924 0.578387 0.559849 0.541312 0.522774 0.504237 0.485699 0.467161 0.417873 0.368584 0.319296 0.270007 0.220719 0.171430 0.122142 0.072853 0.023565 -0.025724 -0.058711 -0.042795 -0.026878 -0.010962 0.004954 0.020871 0.036787 0.052703 0.068620 0.084536 0.100453 0.097633 0.076078 0.054523 0.032968 0.011412 -0.010143 -0.031698 -0.053253 -0.074808 -0.096364 -0.117919 -0.099957 -0.068823 -0.037690 -0.006556 0.024578 0.055712 0.086846 0.117980 0.149113 0.180247 0.211381 0.142968 0.074554 0.006141 -0.062273 -0.130686 -0.199100 -0.267513 -0.335927 -0.404341 -0.472754 -0.507875 -0.443118 -0.378362 -0.313605 -0.248848 -0.184092 -0.119335 -0.054578 0.010178 0.074935 0.139692 0.169581 0.164602 0.159624 0.154645 0.149667 0.144689 0.139710 0.134732 0.129753 0.124775 0.119796 0.108087
0.207317 0.222300 0.227132 0.201513 0.175894 0.150275 0.124656 0.099038 0.073419 0.047800 0.022181 -0.003438 -0.029057 -0.011038 0.050619 0.112275 0.173931 0.235588 0.297244 0.358901 0.420557 0.482214 0.543870 0.605526 0.610250 0.595996 0.581742 0.567488 0.553234 0.538979 0.524725 0.510471 0.496217 0.481963 0.467709 0.419649 0.371588 0.323528 0.275467 0.227407 0.179346 0.131286 0.083225 0.035165 -0.012896 -0.046413 -0.036301 -0.026189 -0.016077 -0.005966 0.004146 0.014258 0.024370 0.034482 0.044594 0.054706 0.055278 0.046310 0.037342 0.028373 0.019405 0.010437 0.001469 -0.007499 -0.016467 -0.025435 -0.034403 -0.012859 0.018857 0.050573 0.082288 0.114004 0.145719 0.177435 0.209151 0.240866 0.272582 0.304297 0.230527 0.156756 0.082986 0.009215 -0.064555 -0.138326 -0.212096 -0.285867 -0.359637 -0.433408 -0.472687 -0.408491 -0.344294 -0.280098 -0.215902 -0.151706 -0.087510 -0.023313 0.040883 0.105079 0.169275 0.196294 0.186136 0.175977 0.165819 0.155660 0.145502 0.135343 0.125185 0.115026 0.104868 0.094709 0.084090
0.189173 0.198783 0.199402 0.173050 0.146698 0.120347 0.093995 0.067643 0.041291 0.014939 -0.011412 -0.037764 -0.064116 -0.046932 0.013787 0.074506 0.135226 0.195945 0.256664 0.317384 0.378103 0.438822 0.499542 0.560261 0.567963 0.557992 0.548022 0.538051 0.528080 0.518110 0.508139 0.498169 0.488198 0.478227 0.468257 0.421424 0.374592 0.327759 0.280927 0.234094 0.187262 0.140430 0.093597 0.046765 -0.000068 -0.034115 -0.029808 -0.025500 -0.021193 -0.016885 -0.012578 -0.008271 -0.003963 0.000344 0.004652 0.008959 0.012923 0.016541 0.020160 0.023779 0.027398 0.031017 0.034636 0.038255 0.041874 0.045493 0.049112 0.074240 0.106537 0.138835 0.171132 0.203429 0.235727 0.268024 0.300322 0.332619 0.364916 0.397214 0.318086 0.238958 0.159831 0.080703 0.001576 -0.077552 -0.156679 -0.235807 -0.314934 -0.394062 -0.437499 -0.373863 -0.310227 -0.246591 -0.182956 -0.119320 -0.055684 0.007952 0.071587 0.135223 0.198859 0.223007 0.207669 0.192330 0.176992 0.161653 0.146315 0.130976 0.115638 0.100299 0.084961 0.069622 0.060093
0.171028 0.175266 0.171672 0.144588 0.117503 0.090418 0.063333 0.036248 0.009164 -0.017921 -0.045006 -0.072091 -0.099176 -0.082827 -0.023045 0.036738 0.096520 0.156302 0.216085 0.275867 0.335649 0.395431 0.455214 0.514996 0.525676 0.519989 0.514302 0.508615 0.502927 0.497240 0.491553 0.485866 0.480179 0.474491 0.468804 0.423200 0.377595 0.331991 0.286387 0.240782 0.195178 0.149573 0.103969 0.058365 0.012760 -0.021817 -0.023314 -0.024811 -0.026308 -0.027805 -0.029302 -0.030799 -0.032296 -0.033793 -0.035290 -0.036787 -0.029433 -0.013227 0.002979 0.019185 0.035392 0.051598 0.067804 0.084010 0.100216 0.116422 0.132628 0.161339 0.194218 0.227097 0.259976 0.292855 0.325734 0.358613 0.391492 0.424372 0.457251 0.490130 0.405645 0.321161 0.236676 0.152192 0.067707 -0.016778 -0.101262 -0.185747 -0.270231 -0.354716 -0.402310 -0.339235 -0.276160 -0.213085 -0.150009 -0.086934 -0.023859 0.039217 0.102292 0.165367 0.228442 0.249721 0.229202 0.208684 0.188165 0.167646 0.147128 0.126609 0.106091 0.085572 0.065054 0.044535 0.036096
0.152884 0.151749 0.143943 0.116125 0.088307 0.060489 0.032671 0.004854 -0.022964 -0.050782 -0.078600 -0.106417 -0.134235 -0.118721 -0.059876 -0.001031 0.057814 0.116659 0.175505 0.234350 0.293195 0.352040 0.410886 0.469731 0.483389 0.481986 0.480582 0.479178 0.477774 0.476371 0.474967 0.473563 0.472159 0.470756 0.469352 0.424976 0.380599 0.336223 0.291846 0.247470 0.203094 0.158717 0.114341 0.069965 0.025588 -0.009519 -0.016821 -0.024122 -0.031424 -0.038725 -0.046027 -0.053328 -0.060630 -0.067931 -0.075233 -0.082534 -0.071788 -0.042995 -0.014202 0.014591 0.043385 0.072178 0.100971 0.129764 0.158557 0.187350 0.216144 0.248438 0.281898 0.315359 0.348820 0.382281 0.415742 0.449203 0.482663 0.516124 0.549585 0.583046 0.493204 0.403363 0.313521 0.223680 0.133838 0.043997 -0.045845 -0.135687 -0.225528 -0.315370 -0.367122 -0.304607 -0.242092 -0.179578 -0.117063 -0.054548 0.007967 0.070482 0.132996 0.195511 0.258026 0.276434 0.250735 0.225037 0.199338 0.173640 0.147941 0.122242 0.096544 0.070845 0.045146 0.019448 0.012100
0.134740 0.128231 0.116213 0.087662 0.059111 0.030561 0.002010 -0.026541 -0.055092 -0.083642 -0.112193 -0.140744 -0.169295 -0.154616 -0.096708 -0.038800 0.019108 0.077017 0.134925 0.192833 0.250741 0.308649 0.366557 0.424466 0.441102 0.443982 0.446862 0.449742 0.452621 0.455501 0.458381 0.461260 0.464140 0.467020 0.469899 0.426751 0.383603 0.340454 0.297306 0.254158 0.211009 0.167861 0.124713 0.081564 0.038416 0.002778 -0.010327 -0.023433 -0.036539 -0.049645 -0.062751 -0.075857 -0.088963 -0.102069 -0.115175 -0.128281 -0.114143 -0.072763 -0.031383 0.009997 0.051378 0.092758 0.134138 0.175518 0.216899 0.258279 0.299659 0.335536 0.369579 0.403621 0.437664 0.471707 0.505749 0.539792 0.573834 0.607877 0.641920 0.675962 0.580764 0.485565 0.390366 0.295168 0.199969 0.104771 0.009572 -0.085626 -0.180825 -0.276024 -0.331934 -0.269980 -0.208025 -0.146071 -0.084116 -0.022162 0.039792 0.101747 0.163701 0.225655 0.287610 0.303147 0.272269 0.241390 0.210511 0.179633 0.148754 0.117875 0.086997 0.056118 0.025239 -0.005639 -0.011897
0.116595 0.104714 0.088483 0.059199 0.029916 0.000632 -0.028652 -0.057936 -0.087219 -0.116503 -0.145787 -0.175070 -0.204354 -0.190511 -0.133539 -0.076568 -0.019597 0.037374 0.094345 0.151316 0.208287 0.265258 0.322229 0.379200 0.398816 0.405979 0.413142 0.420305 0.427468 0.434631 0.441794 0.448958 0.456121 0.463284 0.470447 0.428527 0.386606 0.344686 0.302766 0.260846 0.218925 0.177005 0.135085 0.093164 0.051244 0.015076 -0.003834 -0.022744 -0.041655 -0.060565 -0.079475 -0.098386 -0.117296 -0.136206 -0.155117 -0.174027 -0.156499 -0.102531 -0.048564 0.005403 0.059371 0.113338 0.167305 0.221273 0.275240 0.329207 0.383175 0.422635 0.457259 0.491884 0.526508 0.561132 0.595757 0.630381 0.665005 0.699630 0.734254 0.768878 0.668323 0.567767 0.467212 0.366656 0.266101 0.165545 0.064989 -0.035566 -0.136122 -0.236677 -0.296746 -0.235352 -0.173958 -0.112564 -0.051170 0.010224 0.071618 0.133012 0.194405 0.255799 0.317193 0.329861 0.293802 0.257743 0.221685 0.185626 0.149567 0.113508 0.077450 0.041391 0.005332 -0.030726 -0.035894
0.108032 0.096796 0.081814 0.055593 0.029373 0.003152 -0.023068 -0.049289 -0.075509 -0.101729 -0.127950 -0.154170 -0.180391 -0.165990 -0.110968 -0.055946 -0.000925 0.054097 0.109119 0.164141 0.219163 0.274185 0.329206 0.384228 0.401650 0.406538 0.411427 0.416315 0.421204 0.426092 0.430980 0.435869 0.440757 0.445646 0.450534 0.409634 0.368733 0.327833 0.286932 0.246032 0.205131 0.164231 0.123330 0.082430 0.041530 0.005823 -0.014304 -0.034430 -0.054556 -0.074683 -0.094809 -0.114935 -0.135062 -0.155188 -0.175314 -0.195441 -0.178439 -0.124309 -0.070180 -0.016050 0.038080 0.092209 0.146339 0.200469 0.254598 0.308728 0.362858 0.402568 0.437473 0.472378 0.507282 0.542187 0.577091 0.611996 0.646901 0.681805 0.716710 0.751614 0.658800 0.565985 0.473170 0.380356 0.287541 0.194727 0.101912 0.009098 -0.083717 -0.176532 -0.233090 -0.180880 -0.128670 -0.076460 -0.024249 0.027961 0.080171 0.132381 0.184591 0.236801 0.289011 0.299395 0.267953 0.236511 0.205068 0.173626 0.142184 0.110741 0.079299 0.047857 0.016414 -0.015028 -0.022386
0.099469 0.088877 0.075144 0.051987 0.028830 0.005673 -0.017484 -0.040642 -0.063799 -0.086956 -0.110113 -0.133270 -0.156427 -0.141469 -0.088397 -0.035324 0.017748 0.070821 0.123893 0.176966 0.230038 0.283111 0.336183 0.389256 0.404484 0.407098 0.409712 0.412325 0.414939 0.417553 0.420166 0.422780 0.425394 0.428007 0.430621 0.390740 0.350860 0.310979 0.271099 0.231218 0.191337 0.151457 0.111576 0.071696 0.031815 -0.003431 -0.024773 -0.046116 -0.067458 -0.088800 -0.110143 -0.131485 -0.152827 -0.174169 -0.195512 -0.216854 -0.200379 -0.146087 -0.091795 -0.037503 0.016789 0.071081 0.125373 0.179665 0.233956 0.288248 0.342540 0.382502 0.417687 0.452872 0.488056 0.523241 0.558426 0.593611 0.628796 0.663980 0.699165 0.734350 0.649276 0.564203 0.479129 0.394056 0.308982 0.223909 0.138835 0.053761 -0.031312 -0.116386 -0.169434 -0.126408 -0.083382 -0.040355 0.002671 0.045698 0.088724 0.131750 0.174777 0.217803 0.260830 0.268930 0.242104 0.215278 0.188452 0.161626 0.134800 0.107974 0.081149 0.054323 0.027497 0.000671 -0.008878
0.090906 0.080958 0.068475 0.048381 0.028287 0.008193 -0.011901 -0.031995 -0.052088 -0.072182 -0.092276 -0.112370 -0.132464 -0.116949 -0.065826 -0.014702 0.036421 0.087544 0.138667 0.189791 0.240914 0.292037 0.343160 0.394284 0.407319 0.407658 0.407997 0.408336 0.408674 0.409013 0.409352 0.409691 0.410030 0.410369 0.410708 0.371847 0.332986 0.294126 0.255265 0.216404 0.177543 0.138683 0.099822 0.060961 0.022100 -0.012685 -0.035243 -0.057801 -0.080360 -0.102918 -0.125476 -0.148034 -0.170593 -0.193151 -0.215709 -0.238267 -0.222319 -0.167865 -0.113411 -0.058957 -0.004502 0.049952 0.104406 0.158860 0.213315 0.267769 0.322223 0.362436 0.397901 0.433366 0.468831 0.504296 0.539761 0.575226 0.610691 0.646156 0.681621 0.717086 0.639753 0.562421 0.485088 0.407756 0.330423 0.253090 0.175758 0.098425 0.021092 -0.056240 -0.105779 -0.071936 -0.038094 -0.004251 0.029592 0.063435 0.097277 0.131120 0.164963 0.198805 0.232648 0.238465 0.216255 0.194046 0.171836 0.149627 0.127417 0.105208 0.082998 0.060789 0.038579 0.016369 0.004630
0.082343 0.073040 0.061805 0.044775 0.027744 0.010714 -0.006317 -0.023347 -0.040378 -0.057409 -0.074439 -0.091470 -0.108500 -0.092428 -0.043254 0.005920 0.055094 0.104268 0.153442 0.202616 0.251790 0.300964 0.350138 0.399311 0.410153 0.408217 0.406282 0.404346 0.402410 0.400474 0.398538 0.396602 0.394667 0.392731 0.390795 0.352954 0.315113 0.277272 0.239431 0.201590 0.163749 0.125908 0.088068 0.050227 0.012386 -0.021939 -0.045713 -0.069487 -0.093261 -0.117035 -0.140810 -0.164584 -0.188358 -0.212132 -0.235907 -0.259681 -0.244260 -0.189643 -0.135027 -0.080410 -0.025793 0.028823 0.083440 0.138056 0.192673 0.247289 0.301906 0.342369 0.378114 0.413860 0.449605 0.485350 0.521095 0.556841 0.592586 0.628331 0.664076 0.699822 0.630230 0.560639 0.491047 0.421455 0.351864 0.282272 0.212680 0.143089 0.073497 0.003906 -0.042123 -0.017464 0.007195 0.031854 0.056513 0.081171 0.105830 0.130489 0.155148 0.179807 0.204466 0.207999 0.190406 0.172813 0.155220 0.137627 0.120034 0.102441 0.084847 0.067254 0.049661 0.032068 0.018139
0.073779 0.065121 0.055136 0.041168 0.027201 0.013234 -0.000733 -0.014700 -0.028668 -0.042635 -0.056602 -0.070569 -0.084537 -0.067908 -0.020683 0.026542 0.073766 0.120991 0.168216 0.215440 0.262665 0.309890 0.357115 0.404339 0.412988 0.408777 0.404566 0.400356 0.396145 0.391935 0.387724 0.383514 0.379303 0.375093 0.370882 0.334061 0.297240 0.260419 0.223598 0.186777 0.149955 0.113134 0.076313 0.039492 0.002671 -0.031192 -0.056182 -0.081173 -0.106163 -0.131153 -0.156143 -0.181133 -0.206124 -0.231114 -0.256104 -0.281094 -0.266200 -0.211421 -0.156642 -0.101863 -0.047084 0.007694 0.062473 0.117252 0.172031 0.226810 0.281589 0.322303 0.358328 0.394354 0.430379 0.466405 0.502430 0.538456 0.574481 0.610507 0.646532 0.682558 0.620707 0.558856 0.497006 0.435155 0.373304 0.311454 0.249603 0.187753 0.125902 0.064051 0.021532 0.037007 0.052483 0.067958 0.083433 0.098908 0.114384 0.129859 0.145334 0.160809 0.176284 0.177534 0.164557 0.151580 0.138604 0.125627 0.112650 0.099674 0.086697 0.073720 0.060744 0.047767 0.031647
0.065216 0.057202 0.048466 0.037562 0.026658 0.015754 0.004851 -0.006053 -0.016957 -0.027861 -0.038765 -0.049669 -0.060573 -0.043387 0.001888 0.047164 0.092439 0.137714 0.182990 0.228265 0.273541 0.318816 0.364092 0.409367 0.415822 0.409337 0.402851 0.396366 0.389881 0.383395 0.376910 0.370425 0.363940 0.357454 0.350969 0.315168 0.279366 0.243565 0.207764 0.171963 0.136161 0.100360 0.064559 0.028758 -0.007044 -0.040446 -0.066652 -0.092858 -0.119064 -0.145271 -0.171477 -0.197683 -0.223889 -0.250095 -0.276301 -0.302508 -0.288140 -0.233199 -0.178258 -0.123317 -0.068375 -0.013434 0.041507 0.096448 0.151389 0.206330 0.261271 0.302236 0.338542 0.374848 0.411153 0.447459 0.483765 0.520070 0.556376 0.592682 0.628988 0.665293 0.611184 0.557074 0.502965 0.448855 0.394745 0.340636 0.286526 0.232416 0.178307 0.124197 0.085188 0.091479 0.097771 0.104062 0.110354 0.116645 0.122937 0.129228 0.135520 0.141811 0.148103 0.147068 0.138708 0.130348 0.121987 0.113627 0.105267 0.096907 0.088546 0.080186 0.071826 0.063465 0.045155
0.056653 0.049284 0.041797 0.033956 0.026115 0.018275 0.010434 0.002594 -0.005247 -0.013088 -0.020928 -0.028769 -0.036609 -0.018867 0.024459 0.067786 0.111112 0.154438 0.197764 0.241090 0.284416 0.327743 0.371069 0.414395 0.418656 0.409896 0.401136 0.392376 0.383616 0.374856 0.366096 0.357336 0.348576 0.339816 0.331056 0.296275 0.261493 0.226712 0.191930 0.157149 0.122367 0.087586 0.052805 0.018023 -0.016758 -0.049700 -0.077122 -0.104544 -0.131966 -0.159388 -0.186810 -0.214233 -0.241655 -0.269077 -0.296499 -0.323921 -0.310080 -0.254977 -0.199873 -0.144770 -0.089667 -0.034563 0.020540 0.075644 0.130747 0.185851 0.240954 0.282170 0.318756 0.355342 0.391927 0.428513 0.465099 0.501685 0.538271 0.574857 0.611443 0.648029 0.601661 0.555292 0.508923 0.462555 0.416186 0.369817 0.323449 0.277080 0.230712 0.184343 0.148843 0.145951 0.143059 0.140167 0.137274 0.134382 0.131490 0.128598 0.125705 0.122813 0.119921 0.116603 0.112859 0.109115 0.105371 0.101627 0.097884 0.094140 0.090396 0.086652 0.082908 0.079164 0.058663
0.048090 0.041365 0.035127 0.030350 0.025573 0.020795 0.016018 0.011241 0.006463 0.001686 -0.003091 -0.007869 -0.012646 0.005654 0.047031 0.088408 0.129784 0.171161 0.212538 0.253915 0.295292 0.336669 0.378046 0.419423 0.421491 0.410456 0.399421 0.388386 0.377352 0.366317 0.355282 0.344247 0.333213 0.322178 0.311143 0.277381 0.243620 0.209858 0.176097 0.142335 0.108574 0.074812 0.041050 0.007289 -0.026473 -0.058953 -0.087592 -0.116230 -0.144868 -0.173506 -0.202144 -0.230782 -0.259420 -0.288058 -0.316696 -0.345334 -0.332021 -0.276755 -0.221489 -0.166223 -0.110958 -0.055692 -0.000426 0.054840 0.110106 0.165371 0.220637 0.262103 0.298969 0.335836 0.372702 0.409568 0.446434 0.483300 0.520166 0.557033 0.593899 0.630765 0.592137 0.553510 0.514882 0.476255 0.437627 0.398999 0.360372 0.321744 0.283116 0.244489 0.212499 0.200423 0.188347 0.176271 0.164195 0.152119 0.140043 0.127967 0.115891 0.103815 0.091739 0.086138 0.087010 0.087883 0.088755 0.089628 0.090500 0.091373 0.092245 0.093118 0.093990 0.094863 0.072171
0.039527 0.033446 0.028458 0.026744 0.025030 0.023316 0.021602 0.019888 0.018174 0.016460 0.014746 0.013032 0.011318 0.030174 0.069602 0.109030 0.148457 0.187885 0.227312 0.266740 0.306168 0.345595 0.385023 0.424450 0.424325 0.411016 0.397706 0.384397 0.371087 0.357778 0.344468 0.331159 0.317849 0.304539 0.291230 0.258488 0.225746 0.193005 0.160263 0.127521 0.094780 0.062038 0.029296 -0.003446 -0.036187 -0.068207 -0.098061 -0.127915 -0.157769 -0.187623 -0.217478 -0.247332 -0.277186 -0.307040 -0.336894 -0.366748 -0.353961 -0.298533 -0.243105 -0.187677 -0.132249 -0.076821 -0.021392 0.034036 0.089464 0.144892 0.200320 0.242037 0.279183 0.316329 0.353476 0.390622 0.427769 0.464915 0.502062 0.539208 0.576354 0.613501 0.582614 0.551728 0.520841 0.489954 0.459068 0.428181 0.397294 0.366408 0.335521 0.304634 0.276155 0.254895 0.233635 0.212375 0.191116 0.169856 0.148596 0.127337 0.106077 0.084817 0.063557 0.055672 0.061161 0.066650 0.072139 0.077628 0.083117 0.088606 0.094095 0.099584 0.105073 0.110561 0.085679
0.030964 0.025528 0.021788 0.023138 0.024487 0.025836 0.027185 0.028535 0.029884 0.031233 0.032583 0.033932 0.035281 0.054695 0.092173 0.129652 0.167130 0.204608 0.242087 0.279565 0.317043 0.354522 0.392000 0.429478 0.427160 0.411575 0.395991 0.380407 0.364823 0.349238 0.333654 0.318070 0.302485 0.286901 0.271317 0.239595 0.207873 0.176151 0.144429 0.112707 0.080986 0.049264 0.017542 -0.014180 -0.045902 -0.077461 -0.108531 -0.139601 -0.170671 -0.201741 -0.232811 -0.263881 -0.294951 -0.326021 -0.357091 -0.388161 -0.375901 -0.320311 -0.264720 -0.209130 -0.153540 -0.097949 -0.042359 0.013231 0.068822 0.124412 0.180003 0.221970 0.259397 0.296823 0.334250 0.371677 0.409103 0.446530 0.483957 0.521383 0.558810 0.596237 0.573091 0.549945 0.526800 0.503654 0.480508 0.457363 0.434217 0.411072 0.387926 0.364780 0.339810 0.309367 0.278923 0.248480 0.218036 0.187593 0.157150 0.126706 0.096263 0.065819 0.035376 0.025207 0.035312 0.045417 0.055523 0.065628 0.075733 0.085839 0.095944 0.106049 0.116155 0.126260 0.099187
0.022400 0.017609 0.015119 0.019531 0.023944 0.028357 0.032769 0.037182 0.041594 0.046007 0.050420 0.054832 0.059245 0.079216 0.114745 0.150274 0.185803 0.221332 0.256861 0.292390 0.327919 0.363448 0.398977 0.434506 0.429994 0.412135 0.394276 0.376417 0.358558 0.340699 0.322840 0.304981 0.287122 0.269263 0.251404 0.220702 0.190000 0.159298 0.128596 0.097894 0.067192 0.036490 0.005788 -0.024915 -0.055617 -0.086715 -0.119001 -0.151287 -0.183573 -0.215859 -0.248145 -0.280431 -0.312717 -0.345003 -0.377289 -0.409575 -0.397841 -0.342089 -0.286336 -0.230583 -0.174831 -0.119078 -0.063325 -0.007573 0.048180 0.103933 0.159685 0.201904 0.239611 0.277317 0.315024 0.352731 0.390438 0.428145 0.465852 0.503559 0.541266 0.578973 0.563568 0.548163 0.532759 0.517354 0.501949 0.486545 0.471140 0.455735 0.440331 0.424926 0.403466 0.363839 0.324211 0.284584 0.244957 0.205330 0.165703 0.126076 0.086448 0.046821 0.007194 -0.005259 0.009463 0.024185 0.038907 0.053628 0.068350 0.083072 0.097794 0.112515 0.127237 0.141959 0.112695
-0.019993 -0.035727 -0.045699 -0.038384 -0.031069 -0.023754 -0.016439 -0.009124 -0.001809 0.005506 0.012821 0.020136 0.027451 0.049000 0.084783 0.120567 0.156350 0.192134 0.227917 0.263701 0.299484 0.335268 0.371051 0.406835 0.403953 0.388182 0.372412 0.356642 0.340871 0.325101 0.309331 0.293560 0.277790 0.262020 0.246250 0.220365 0.194480 0.168596 0.142711 0.116827 0.090942 0.065058 0.039173 0.013289 -0.012596 -0.040599 -0.074957 -0.109315 -0.143673 -0.178031 -0.212389 -0.246747 -0.281105 -0.315463 -0.349821 -0.384179 -0.374130 -0.319673 -0.265217 -0.210760 -0.156303 -0.101847 -0.047390 0.007067 0.061523 0.115980 0.170436 0.206558 0.236567 0.266576 0.296585 0.326594 0.356604 0.386613 0.416622 0.446631 0.476640 0.506650 0.493286 0.479922 0.466558 0.453194 0.439831 0.426467 0.413103 0.399739 0.386376 0.373012 0.353364 0.314866 0.276368 0.237870 0.199371 0.160873 0.122375 0.083877 0.045379 0.006880 -0.031618 -0.041417 -0.022517 -0.003617 0.015283 0.034182 0.053082 0.071982 0.090882 0.109782 0.128682 0.147582 0.117075
-0.062387 -0.089064 -0.106517 -0.096300 -0.086083 -0.075865 -0.065648 -0.055430 -0.045213 -0.034996 -0.024778 -0.014561 -0.004344 0.018784 0.054822 0.090860 0.126898 0.162936 0.198974 0.235011 0.271049 0.307087 0.343125 0.379163 0.377911 0.364230 0.350548 0.336866 0.323185 0.309503 0.295822 0.282140 0.268458 0.254777 0.241095 0.220028 0.198961 0.177894 0.156827 0.135760 0.114693 0.093626 0.072559 0.051492 0.030425 0.005517 -0.030913 -0.067343 -0.103773 -0.140203 -0.176633 -0.213063 -0.249494 -0.285924 -0.322354 -0.358784 -0.350419 -0.297258 -0.244097 -0.190937 -0.137776 -0.084616 -0.031455 0.021706 0.074866 0.128027 0.181188 0.211211 0.233523 0.255834 0.278146 0.300457 0.322769 0.345080 0.367392 0.389704 0.412015 0.434327 0.423004 0.411681 0.400358 0.389035 0.377712 0.366389 0.355066 0.343743 0.332420 0.321098 0.303263 0.265894 0.228524 0.191155 0.153786 0.116417 0.079047 0.041678 0.004309 -0.033061 -0.070430 -0.077575 -0.054497 -0.031419 -0.008341 0.014737 0.037815 0.060893 0.083971 0.107048 0.130126 0.153204 0.121455
-0.104780 -0.142400 -0.167335 -0.154216 -0.141096 -0.127976 -0.114856 -0.101737 -0.088617 -0.075497 -0.062377 -0.049258 -0.036138 -0.011432 0.024861 0.061153 0.097445 0.133738 0.170030 0.206322 0.242615 0.278907 0.315199 0.351492 0.351870 0.340277 0.328684 0.317091 0.305498 0.293905 0.282312 0.270720 0.259127 0.247534 0.235941 0.219691 0.203442 0.187192 0.170943 0.154693 0.138444 0.122194 0.105945 0.089695 0.073446 0.051633 0.013131 -0.025371 -0.063873 -0.102376 -0.140878 -0.179380 -0.217882 -0.256384 -0.294886 -0.333389 -0.326707 -0.274843 -0.222978 -0.171113 -0.119249 -0.067384 -0.015520 0.036345 0.088209 0.140074 0.191939 0.215865 0.230479 0.245093 0.259707 0.274321 0.288934 0.303548 0.318162 0.332776 0.347390 0.362004 0.352722 0.343440 0.334157 0.324875 0.315593 0.306311 0.297029 0.287747 0.278465 0.269183 0.253162 0.216921 0.180681 0.144441 0.108200 0.071960 0.035720 -0.000521 -0.036761 -0.073001 -0.109242 -0.113734 -0.086478 -0.059222 -0.031965 -0.004709 0.022547 0.049803 0.077059 0.104315 0.131571 0.158827 0.125834
-0.147174 -0.195737 -0.228153 -0.212131 -0.196109 -0.180087 -0.164065 -0.148043 -0.132021 -0.115998 -0.099976 -0.083954 -0.067932 -0.041647 -0.005101 0.031446 0.067993 0.104540 0.141086 0.177633 0.214180 0.250727 0.287273 0.323820 0.325829 0.316324 0.306820 0.297316 0.287812 0.278308 0.268803 0.259299 0.249795 0.240291 0.230786 0.219354 0.207922 0.196490 0.185058 0.173626 0.162194 0.150762 0.139330 0.127898 0.116466 0.097749 0.057175 0.016600 -0.023974 -0.064548 -0.105122 -0.145696 -0.186271 -0.226845 -0.267419 -0.307993 -0.302996 -0.252427 -0.201859 -0.151290 -0.100722 -0.050153 0.000415 0.050984 0.101553 0.152121 0.202690 0.220519 0.227435 0.234351 0.241267 0.248184 0.255100 0.262016 0.268932 0.275848 0.282764 0.289681 0.282439 0.275198 0.267957 0.260716 0.253475 0.246234 0.238992 0.231751 0.224510 0.217269 0.203060 0.167949 0.132838 0.097726 0.062615 0.027503 -0.007608 -0.042719 -0.077831 -0.112942 -0.148054 -0.149892 -0.118458 -0.087024 -0.055589 -0.024155 0.007279 0.038713 0.070147 0.101582 0.133016 0.164450 0.130214
-0.189567 -0.249073 -0.288972 -0.270047 -0.251122 -0.232198 -0.213273 -0.194349 -0.175424 -0.156500 -0.137575 -0.118651 -0.099726 -0.071863 -0.035062 0.001739 0.038540 0.075342 0.112143 0.148944 0.185745 0.222546 0.259348 0.296149 0.299787 0.292372 0.284956 0.277541 0.270125 0.262710 0.255294 0.247879 0.240463 0.233048 0.225632 0.219018 0.212403 0.205789 0.199174 0.192560 0.185945 0.179331 0.172716 0.166102 0.159487 0.143865 0.101218 0.058572 0.015926 -0.026720 -0.069367 -0.112013 -0.154659 -0.197305 -0.239951 -0.282598 -0.279285 -0.230012 -0.180739 -0.131467 -0.082194 -0.032922 0.016351 0.065623 0.114896 0.164168 0.213441 0.225173 0.224391 0.223610 0.222828 0.222047 0.221265 0.220484 0.219702 0.218921 0.218139 0.217358 0.212157 0.206957 0.201757 0.196556 0.191356 0.186156 0.180956 0.175755 0.170555 0.165355 0.152959 0.118976 0.084994 0.051012 0.017029 -0.016953 -0.050936 -0.084918 -0.118901 -0.152883 -0.186865 -0.186051 -0.150438 -0.114826 -0.079213 -0.043601 -0.007989 0.027624 0.063236 0.098848 0.134461 0.170073 0.134594
-0.231961 -0.302410 -0.349790 -0.327963 -0.306136 -0.284309 -0.262482 -0.240655 -0.218828 -0.197001 -0.175174 -0.153347 -0.131520 -0.102079 -0.065023 -0.027968 0.009088 0.046144 0.083199 0.120255 0.157310 0.194366 0.231422 0.268477 0.273746 0.268419 0.263092 0.257766 0.252439 0.247112 0.241785 0.236458 0.231131 0.225805 0.220478 0.218681 0.216884 0.215087 0.213290 0.211493 0.209696 0.207899 0.206102 0.204305 0.202508 0.189980 0.145262 0.100544 0.055826 0.011107 -0.033611 -0.078329 -0.123047 -0.167766 -0.212484 -0.257202 -0.255573 -0.207597 -0.159620 -0.111644 -0.063667 -0.015691 0.032286 0.080262 0.128239 0.176215 0.224192 0.229827 0.221347 0.212868 0.204389 0.195910 0.187431 0.178951 0.170472 0.161993 0.153514 0.145035 0.141875 0.138716 0.135556 0.132397 0.129238 0.126078 0.122919 0.119759 0.116600 0.113441 0.102858 0.070004 0.037151 0.004297 -0.028556 -0.061410 -0.094263 -0.127117 -0.159970 -0.192824 -0.225677 -0.222209 -0.182418 -0.142628 -0.102837 -0.063047 -0.023256 0.016534 0.056324 0.096115 0.135905 0.175696 0.138973
