33 65
-0.395843 0.016581 0.465415 -0.590109 0.472162 0.279555 0.865686 0.063124 0.418178 0.108943 0.372707 -1.169452 -0.200902 0.029360 0.526087 0.021005 -0.555381 0.703275 -0.093292 -0.285589 -0.408583 -0.758291 -0.868918 -0.588280 -0.723949 0.586117 -0.250609 0.653659 0.672260 -0.090313 0.168084 -0.209886 0.597495 -0.342432 -0.083438 0.210308 -0.454657 -0.934831 0.042857 0.609648 0.037923 -0.162232 -0.025449 0.207635 0.258118 -0.144383 0.387789 0.025805 -0.113311 -0.233568 -0.212660 -0.952145 0.308096 -0.277963 0.460610 -0.200764 0.859361 -0.042931 0.590187 -0.044228 -0.105448 -0.385925 -0.071978 0.035935 -0.001478
0.268660 -0.467050 -0.254874 -0.469296 -0.308884 0.174058 -0.810768 -0.438808 0.808532 0.466451 0.416676 -0.348569 0.276440 -0.228939 0.894729 1.297073 0.074142 0.547873 -0.991181 0.131893 1.307412 0.171566 -0.723860 -0.237829 -0.189006 -0.423836 0.611167 -0.184472 0.194304 0.401132 0.426629 0.515713 1.328440 0.172970 0.311787 0.553008 -0.184006 -0.879288 0.243704 -0.092210 0.392825 0.449446 0.691698 -0.536053 -0.082279 -0.408036 0.041742 0.340680 0.092106 0.741633 -0.393643 -0.122148 0.413608 0.871663 -0.619210 0.456640 -0.538586 -0.342577 -0.384532 -0.003228 -0.656321 0.540359 0.939420 0.716253 0.292080
-0.545523 0.579023 0.778228 -0.391695 -0.585164 0.926888 0.266223 0.576947 -0.528550 0.001871 -0.665794 0.493407 0.677817 -0.565614 0.566801 0.441290 0.208574 0.465565 -0.427257 -0.104384 -0.204519 -0.167259 -0.135202 -0.494105 -0.933770 0.760067 -0.078372 -0.811237 -0.799342 0.181000 0.324990 0.003403 0.733689 -0.954975 -0.737759 -0.193760 1.087489 -0.337773 0.594454 -0.983340 0.297022 -0.331840 -0.034080 -0.149424 -0.940156 -0.221685 -0.302207 0.628205 0.128704 0.006779 -0.225423 0.567865 -0.084612 0.208860 -0.662066 -0.104018 -1.036362 0.047067 1.044866 -0.863293 -1.272434 -0.356572 0.383164 -0.824442 0.273041
0.632958 0.432470 0.178191 -0.662091 0.613996 0.160934 -0.247071 -0.135103 0.433570 -0.167259 -0.547145 -0.476032 0.349605 -0.430667 0.435777 -0.393265 -0.280526 -0.684080 -0.572793 -0.081850 -0.554008 -0.239785 -0.921292 -0.162613 -0.051376 0.098416 -0.109011 -0.265551 -0.195362 0.349508 0.655861 -0.448792 -0.077344 -0.236786 -0.202157 -0.528068 0.016822 0.334279 -0.349764 -0.926326 0.214071 0.020168 0.645432 0.319896 -0.667003 0.028673 0.112992 0.809073 -0.480879 0.227908 -0.996578 -0.217426 0.669850 0.559902 -0.128433 0.157652 -0.093133 -0.611849 -0.424420 -0.192994 -0.826921 0.034379 0.300863 -0.699820 0.407609
0.572116 -0.671632 -0.050288 -0.138281 -0.082047 0.556717 -0.548981 1.116476 0.967481 -0.740236 0.289100 -1.023580 -0.465623 0.169962 -0.384997 -0.789553 -0.033735 -0.247940 -0.912757 0.193276 0.278900 0.726500 0.915705 -0.750844 -0.104285 -0.240645 0.056347 -0.198346 -0.761939 -0.621350 -0.622288 0.478454 0.048037 0.046547 0.358326 -0.488403 0.368206 -0.261145 -0.000182 -0.985296 -0.623608 -0.366268 0.499862 0.210324 -1.136662 0.402577 0.582094 0.729445 0.031097 -0.129733 -0.200444 0.964483 0.249936 -0.131733 -0.604672 0.337043 -0.378894 -0.408773 0.130762 0.032646 0.363810 -0.221397 0.653161 -0.310406 -0.125195
0.314547 0.570436 0.136785 0.000454 0.047816 -0.235855 0.685599 -0.291722 0.711042 -0.905593 -0.185576 0.467511 -0.672762 0.770894 -0.306387 -0.149901 -0.413776 -0.333876 0.052745 0.071864 -1.177620 -0.859755 0.361829 0.785148 -0.106191 -1.183744 0.301878 0.242795 -0.464749 -0.517618 0.044441 0.029784 -0.191371 -0.427139 -0.602664 -0.656562 0.608714 0.711237 0.932290 0.126299 -0.630628 0.580806 0.020219 0.333407 0.093543 -0.757687 -0.883891 -0.146405 -0.132568 -0.663869 0.917266 -0.961639 0.389951 0.237348 -0.001531 0.838871 -0.216900 -0.898669 0.805990 1.006122 0.311854 0.301340 -1.094997 -0.915455 0.267025
0.278772 -0.159664 0.747028 0.227203 -0.215938 -0.149906 0.865079 -0.207348 -0.532656 0.098926 -0.105003 0.092220 0.178742 -0.288179 0.731500 0.592734 0.106871 0.845941 0.127046 -0.064439 -0.657225 -0.844990 0.220436 0.093319 0.481958 -0.948381 -0.158116 -0.535902 0.004520 0.347675 -0.819541 -0.729600 0.035862 0.381753 -0.160290 0.074349 0.385692 0.662222 0.152772 -0.203764 -0.678082 -0.379266 -0.196704 -0.247687 -0.328804 -0.145544 -0.916926 0.835745 -0.167839 -0.738235 0.706482 -0.781122 -0.083669 -0.042642 0.044883 0.574240 -0.083715 -0.633775 -0.504424 -0.192747 0.443610 -0.532833 -0.142675 0.588115 0.353278
0.463774 0.563439 0.243115 -1.054279 -0.110946 -1.179027 -1.155740 -0.236251 0.563376 0.071415 -0.201453 -0.476690 -0.356140 0.435619 -0.037541 0.475021 -0.087464 -0.526433 -1.276835 0.341369 0.147082 -0.670554 0.251901 0.870662 0.116918 -0.184139 0.150401 0.965133 -0.164215 0.073612 0.907106 -0.885552 0.677837 -0.163161 0.897555 0.065468 -0.570746 -0.089340 -0.922253 -0.681447 -0.514390 0.105412 -0.211733 -1.024872 -0.580004 -0.335227 -1.104078 -0.137540 0.816993 -0.840772 -0.077532 -0.034208 0.467342 0.133550 -0.012091 -0.759685 -0.115898 0.396291 -1.445657 0.283364 0.136411 0.441880 0.268230 0.649272 -0.419005
-0.009530 -0.327649 0.731894 0.394548 0.438420 0.358089 -1.465410 0.504570 0.164574 -1.024598 -0.423358 -0.106892 -0.044115 0.998553 0.226733 0.339608 -0.078126 -0.042738 1.169038 0.704717 0.710494 0.889675 1.084142 0.487641 -0.296214 -0.570504 0.473559 0.323942 -0.914637 -0.943550 0.058116 0.435014 -0.324771 -0.320474 -0.866916 -0.616442 0.436448 -0.079250 -0.371224 -1.119025 -0.677249 -0.508985 0.803153 0.539451 -0.705376 0.606027 0.152658 -0.308326 0.521445 0.913877 0.390611 -0.130805 -0.582134 -0.137904 0.437866 -0.453499 0.575761 0.742253 -0.422271 0.326045 0.121810 0.076863 -0.384316 1.038231 -0.381893
-0.086711 0.370937 -0.286797 -0.691759 0.118812 0.325763 -0.241150 0.170286 -0.435954 0.348519 -0.143541 -0.288379 0.099286 0.140818 0.147679 0.536597 0.667145 0.261896 -0.108740 -0.202059 -0.671610 0.605973 0.657910 -0.289090 -0.317379 -0.067949 0.151468 -0.235601 -0.859347 0.084087 -0.406714 -0.286283 -0.261407 0.442423 0.076868 0.126005 0.655595 -0.834882 0.354513 -0.731044 -0.002748 0.376890 -0.197707 -0.087313 0.511384 0.083782 0.899294 0.286218 0.169564 0.095383 0.014855 -0.255311 -0.094725 0.106947 -0.424241 -0.350213 0.014370 0.198207 0.347317 0.107856 0.414105 0.330296 -0.005652 -0.188071 -0.241780
-0.603712 -0.070944 -0.118048 -0.783186 -0.623956 -0.171593 1.131696 -0.368034 -0.727881 0.388291 -0.159912 0.804100 0.102860 -0.674931 0.415222 0.002045 0.759625 1.166856 0.889912 0.005948 -0.439517 0.675792 0.203992 -0.294319 0.098268 0.461858 -0.020752 -0.804401 -1.043224 -0.804030 -0.676315 0.248290 -0.709539 -0.012022 -0.329805 -0.577129 0.111473 -0.551512 -0.664699 -0.066147 -0.149689 0.433609 -0.635112 -0.921201 0.216081 0.896130 -0.494294 0.454565 0.103639 0.601579 -1.223531 0.464802 -0.609478 0.459332 0.123386 0.048550 0.678705 0.231527 1.042902 -0.344840 -0.034539 -0.016676 -0.643344 0.617198 -0.688347
-0.515710 -0.387240 0.376548 -0.436063 -0.257064 0.240931 0.367754 -0.721735 -0.381959 -0.234533 0.443509 -0.412770 0.280543 0.142363 -0.367698 -0.720867 -0.299064 -0.328534 0.585895 0.426375 0.663770 0.231400 -0.304134 -0.375126 0.124114 -0.247613 0.546044 -0.364370 -0.343525 -0.393545 -0.597573 -0.761736 -0.357132 -1.051061 0.054323 0.427147 -0.348694 0.905254 -0.477354 0.645090 0.215605 0.196827 -0.370251 0.163894 -0.362109 0.148601 -0.143152 -0.213752 0.198204 0.237419 0.270899 1.113894 0.283038 -0.776249 -0.597129 0.238759 0.776143 0.132140 -1.005079 0.264975 0.640036 0.044411 -0.676562 0.019317 0.067697
0.021055 0.590654 -0.363587 -0.140888 0.229087 0.028552 0.160740 -0.405423 0.000150 -0.362380 0.608840 -0.315157 -0.306136 0.484171 0.505525 0.373758 -0.359325 -0.595024 -0.043568 0.290674 0.332647 -0.412705 -0.064891 0.495892 -0.410110 0.978585 -0.032275 -0.542543 -0.353992 -0.750620 -0.120647 -0.072927 -0.416741 -0.325352 -0.061318 0.319765 0.789495 1.392506 0.193839 0.633441 -0.197154 0.065162 0.097920 -0.863796 -0.364152 -0.909719 -0.328991 0.430141 0.312977 -0.135768 0.346553 0.251315 0.440926 -0.328890 0.546557 0.407633 0.035379 -0.022224 -1.031890 -0.620901 -0.177601 0.433529 -0.039430 0.041819 0.674319
0.270288 0.149878 0.975173 0.569015 -0.796209 -0.040708 1.076139 0.321830 0.165312 -0.767820 -0.614742 -0.535665 0.701662 -0.638665 0.305422 -0.037295 0.007147 0.267632 -0.833813 0.162636 -0.732132 0.402626 0.689962 -0.266597 0.499971 0.135280 0.104660 0.797592 0.393929 0.275666 -0.141068 0.172068 0.490581 -0.530854 0.219705 0.476571 -0.457230 -1.120606 0.303129 -0.367978 0.089290 -0.331748 -0.346137 -1.087175 -1.084133 -0.727332 0.373603 0.442424 -0.788036 -1.096705 0.362175 0.027128 -0.162632 -0.385301 -0.150890 -0.400969 -0.509785 0.901178 -1.215306 0.110041 0.759634 0.061703 -0.659353 -0.540438 0.546673
-0.415949 0.354497 0.256273 0.260372 -0.425050 -0.214390 0.274368 -0.080789 0.290135 0.703780 -0.101383 0.504235 -0.309842 0.218995 -0.183649 -0.311135 -0.407236 0.046622 -0.653984 0.089524 -0.149665 -0.515768 0.686447 0.836918 0.694071 0.051947 -0.107635 -0.916646 0.106125 -0.322366 -0.640602 -0.178646 0.885704 -0.550497 -0.197084 -0.395013 0.167300 -0.132552 -0.635678 0.429367 0.180796 0.714628 -0.489254 -0.235543 -0.326240 0.421872 0.688643 -0.364670 0.559255 0.064996 -0.013083 0.496577 0.171218 0.150423 0.323084 -0.440890 0.591719 -0.120827 -1.200553 -0.386193 -1.025900 -0.172377 -0.067395 0.759526 -0.061802
-0.420648 0.470292 0.249881 -1.150366 -0.696758 0.110663 1.446296 -0.049785 0.568876 0.454738 0.201998 1.008773 -0.255016 0.046426 -0.547807 -0.018441 -0.272135 0.364522 -0.124536 0.735611 0.464346 -1.095924 0.560825 -0.133147 -0.768241 0.748294 0.437486 -0.493912 0.219371 0.337132 -0.162595 0.377546 0.803854 -0.395048 0.627445 -0.270144 0.188552 0.150280 -0.299469 -0.326658 0.144976 0.194987 -0.400656 0.020431 0.042537 0.446650 -0.670023 0.290550 0.898134 0.671395 0.829725 0.862986 0.216357 -0.029890 -0.166980 0.074762 0.420128 -0.283559 -0.760938 -0.351044 0.240831 -0.738853 -0.951277 0.359237 0.784057
0.609966 0.163018 0.764225 0.251382 -0.556361 0.425575 0.824425 -0.160024 0.078675 0.470323 0.755972 0.310824 -0.706930 0.975155 0.397496 -0.628042 1.092403 -0.242489 0.586692 -1.134464 -0.085033 0.660142 0.694651 0.085475 -0.002716 0.488196 -1.447330 0.123986 0.262593 -0.035134 -0.128998 -0.650451 0.966839 -1.082376 -0.529287 0.478368 -0.198302 0.276535 -0.620580 0.285630 0.751109 0.775978 -0.566902 -0.351146 0.930116 -0.028587 -0.630585 -0.087472 1.119978 0.969392 0.390786 0.551260 0.514935 -0.405546 0.373626 0.069281 0.457815 0.083397 0.341028 0.760653 -0.365727 0.859018 -0.427237 0.943008 0.773392
0.530870 0.300836 0.505585 -0.840759 1.155665 0.761458 -0.972153 0.218204 -0.081111 -0.065740 0.339467 -0.241413 -0.420714 0.251029 0.128172 0.574798 0.019730 -0.018396 -0.612430 -0.278280 0.236715 0.889527 0.055942 -0.372012 -0.525358 0.227105 -0.153507 -0.123499 0.043191 0.716335 -0.137496 0.281120 0.201086 -0.447238 -0.268547 -0.553011 0.566336 -0.626336 -0.393963 -0.461176 -0.433771 -0.184984 0.023834 0.101904 0.659517 0.258144 -0.600759 0.123924 0.896976 -0.376318 -0.505158 -1.364689 -1.022518 -0.367593 -0.320419 -0.488196 -0.517110 0.433192 -0.467332 0.245147 -0.292673 0.373199 0.318511 -0.529974 0.341753
0.059865 0.189534 -0.245623 -0.071459 1.036865 0.503618 -0.744408 -0.468627 0.165859 0.228095 -0.263059 -0.281795 0.619461 -0.705526 -0.685345 0.697417 0.763637 0.256260 0.376805 -0.413023 -0.193749 1.117552 0.605453 -0.436021 -0.589290 0.475570 0.225322 0.357281 0.031152 0.942973 0.231153 -0.417650 0.319355 0.119258 -0.919132 -0.635166 0.493612 -1.084081 -0.049220 -1.158302 -0.220971 0.093105 -1.056637 -0.308536 -0.362697 -0.364342 1.054082 -0.204315 -0.038606 0.891504 -0.200931 -1.182799 0.328620 0.552351 0.567966 -0.526216 0.700144 0.050630 -0.389329 -0.571587 -0.315852 0.055343 0.497164 -1.034034 -0.298578
-1.288873 -0.079896 0.083696 0.576864 -0.052072 -1.106827 -0.006591 -0.261542 0.960736 0.402263 -0.985553 -0.611632 0.342603 0.499728 0.045113 0.716353 0.665446 -0.189593 0.772890 -0.230366 0.245869 0.229160 -0.110240 0.741146 -0.190826 -0.122222 0.548023 0.462077 0.045309 -0.264719 0.040572 1.036487 0.346020 0.469661 -0.191365 0.163186 0.643622 -0.246637 0.540312 0.378459 0.621244 -0.877449 0.379884 -0.433043 -0.101974 -0.380676 -0.370868 0.729960 0.711657 -0.101618 -0.056212 0.882892 -0.013528 -0.386536 -0.370822 0.172398 0.233049 -0.443764 0.817501 -0.708379 -0.715898 -0.896879 0.094088 0.151945 -0.112489
0.277022 0.839403 -0.003872 0.091946 -0.421770 -0.253466 0.536394 0.395083 0.403271 -0.015563 -0.695882 -0.398507 0.041756 -0.639686 0.053215 -0.867211 0.503684 0.260585 -0.467700 -0.980266 0.353451 -0.506102 -0.083031 0.341170 0.339331 -0.020092 -0.082350 -1.296026 -0.130681 0.048576 -0.298745 -0.177404 -0.106510 -0.244396 0.315286 0.061997 0.398323 -0.055276 -0.184543 -0.089307 -0.374887 0.298746 0.773257 0.013363 -0.500407 0.119272 -0.618958 -0.037873 0.322777 -0.063710 -0.142324 -0.001219 1.063813 -0.416259 -0.587010 -0.778194 0.360458 -0.117625 0.051074 0.128835 -0.270041 -0.322071 -0.933529 -0.896144 0.081215
-0.109823 0.423803 0.302981 0.682156 0.542520 -0.240868 0.396495 0.788868 -0.157881 0.128400 0.297249 -0.652801 -0.213536 0.724269 -0.627454 -0.159606 0.449395 0.086295 0.749068 0.420812 1.122314 -0.810822 -0.546387 -0.362213 -0.217521 -0.289715 -0.297621 -0.766274 -0.419520 -0.970780 1.095412 0.400194 -1.055145 0.369709 0.803363 -0.083090 0.729256 -0.211362 0.502600 0.533393 0.263374 0.101166 0.714316 0.119675 0.687772 -0.028616 0.370345 0.039143 0.852683 -0.472361 -0.239826 -0.999457 0.096817 -0.048441 0.388139 -1.008966 -0.015973 0.767916 0.508811 0.117726 0.608215 -0.833520 -0.307604 -0.732573 -0.241672
-0.764993 0.216190 -0.728436 -0.810360 0.255276 0.239704 -0.687538 0.388766 1.130342 0.337370 0.659949 1.627428 0.544451 0.136532 0.073067 -0.925652 0.508601 0.190088 0.079070 -0.948353 -0.162584 -0.171932 0.203358 -0.095948 -0.160532 -0.026901 -0.248896 1.053104 -0.177850 0.712532 -0.041195 -0.454843 -0.801821 -0.097821 0.043770 -0.211426 -0.261737 0.853032 -0.115745 0.207023 0.911993 -0.475946 0.402729 0.727312 -0.298255 -0.354823 -0.782330 -1.114295 -0.139372 -0.439850 -0.166944 -1.496891 0.196641 0.195525 -0.078821 0.461898 -0.380353 0.022066 -0.859947 0.190147 -0.192433 -0.490476 0.290897 -0.173009 -1.300936
-0.002280 0.152590 0.198209 0.534107 0.082077 0.166357 0.772746 -0.643239 -0.729306 -0.164383 0.316046 -0.102910 0.023319 -0.026839 0.163462 0.014052 -0.382020 0.728760 -0.292700 0.218806 0.083342 -0.190744 -0.342570 0.818608 0.328996 -0.050014 0.530100 -0.239600 0.381342 0.164468 0.113436 0.469506 0.241288 0.169953 0.430982 -0.958526 -0.226077 -0.273297 -0.282894 -0.193762 0.100522 0.413771 0.101073 -0.642213 0.384772 -0.131483 0.057470 -0.306850 -0.493574 -0.031991 -0.407009 -0.268626 -0.382327 0.116808 -0.899324 -0.073793 0.081873 -0.621152 -0.828607 0.626586 0.191419 -0.493218 -0.403780 0.197343 -0.138416
0.538656 -0.698432 -0.309603 -0.115991 -0.175317 0.280257 0.924722 0.044049 -1.168633 -0.239058 -0.048737 0.759865 -0.167850 -0.403928 -0.406388 -0.056803 -0.467326 -0.697510 -0.094528 0.687723 0.281739 -0.250066 -1.108902 -0.618654 -0.656728 -0.230472 -0.096490 0.787007 0.486598 0.528812 0.456571 -0.280150 0.726935 -0.647806 -0.999083 -0.579999 -0.216600 -0.565123 0.443653 0.326408 0.213931 -0.613006 0.294322 -0.253419 0.562298 0.310408 0.164624 0.117310 -0.484936 0.242381 -0.254711 -0.094593 0.068634 -1.017183 0.008535 0.631172 0.474456 -0.851543 -1.416295 0.311972 -0.258522 -0.490082 0.432018 0.827519 0.080662
-0.372249 -0.485660 -1.172481 -0.497403 0.150189 0.143036 -0.249013 -0.090327 -0.524097 0.923995 0.505282 -0.967344 0.349995 0.241922 -0.179564 -0.547138 -0.045307 1.022653 0.562682 -0.718212 -0.199826 -1.064671 -0.017498 0.238693 -0.095536 1.015873 0.657685 -0.367797 -0.305387 1.316657 0.599762 -0.543784 -0.490346 -0.299959 0.731899 0.604893 -0.887816 -0.558223 -0.528497 0.208374 0.115370 -0.046112 -0.599263 -1.016830 0.458100 -0.277198 0.171399 0.293912 1.060329 -0.263534 0.785723 -1.199263 -0.075294 -0.590608 0.494914 -0.513272 -0.018345 0.463078 1.326633 0.780104 0.162589 -1.126654 0.335714 0.881151 -0.139471
-0.123574 0.420466 -0.059345 0.305291 -0.462836 -0.394921 -0.194375 -0.206112 -0.053685 0.327335 -0.130304 0.313730 0.235497 0.600090 0.325045 -0.886478 0.463180 0.265985 0.411575 0.454835 0.157541 -0.214698 -0.542422 0.209228 -0.274971 0.440857 0.112293 0.353998 -1.162171 0.352392 -0.646931 -0.101556 -0.355259 0.076099 0.497666 -0.085490 -0.463735 -0.615963 -0.222211 -0.140757 -0.320944 0.182236 0.213855 -0.420782 0.207261 -0.705817 -0.023254 -0.371104 0.244425 -0.578868 -0.163983 -0.597795 -0.666734 -0.191316 0.012822 0.694703 -0.063735 0.440070 -0.717086 -0.136561 0.171551 -0.307024 0.118979 0.445618 0.674712
-0.235367 1.303367 -0.487519 -0.302698 0.437846 0.469682 -0.424909 0.400204 0.475671 0.477567 -0.236147 0.356948 -0.248663 1.278693 -0.835979 -0.519119 0.792628 -0.164555 0.901061 0.020048 -1.265974 0.162385 -0.461190 0.642280 0.742441 -0.271972 0.174212 -0.543624 -0.255236 -0.467113 -0.234079 1.053014 0.789783 -0.083035 -0.782816 -0.384478 -0.541447 0.067777 0.282477 0.392190 0.311784 -0.559752 0.065653 -0.455162 -0.052429 -0.695173 -0.280550 -0.918235 0.875765 0.056104 -0.240776 -0.552482 -1.027816 0.489370 0.109917 0.117317 -0.534761 0.672092 -1.527411 0.423825 -0.074704 1.058794 -0.167967 0.876771 1.047615
-0.576991 0.590720 0.133894 -0.595584 -0.239543 0.467989 -0.397032 -0.339748 -0.594953 -0.452889 0.234115 1.037657 -0.113533 0.213880 -0.144117 -0.195479 -0.459610 0.357327 -0.673077 0.551331 0.109114 0.725196 -0.341610 0.073257 -0.143963 -0.160801 -0.389516 -0.231883 -0.258388 -0.121064 -1.105867 -0.478250 -0.277558 0.473920 -0.519560 0.257152 0.467433 0.621881 0.038100 0.062108 0.186825 -0.923559 -1.039022 -0.002912 0.621702 0.205478 1.028566 -0.282956 0.252141 -0.715163 -0.342455 -0.516659 0.257216 -0.426196 -0.114384 -0.052719 -0.190753 0.440569 0.581192 -0.166851 0.369248 -0.457793 -0.358978 1.007068 -0.438740
-0.212998 0.541012 0.325155 -0.850815 -0.127829 0.040546 1.178746 -0.157823 -0.415479 -0.426466 -0.173817 -0.489679 -0.201954 -0.074640 -0.179815 0.050019 -0.099847 0.230957 -0.155301 0.586522 -0.567532 0.149788 0.008802 0.141947 0.136671 -0.819079 0.291390 0.347606 -0.099919 -0.319470 0.027538 -0.135422 0.168946 0.342223 0.313439 0.370896 0.256214 0.245607 0.419170 -0.099964 0.298656 -0.275120 -0.170459 0.211986 -0.579750 0.326696 0.399215 -0.676161 -0.026317 -0.237061 -0.066796 -0.156102 -0.880470 -0.476459 -0.047862 0.632698 -0.274564 0.475564 0.955554 -0.580547 0.038096 0.279751 -0.531852 0.506919 0.273862
-0.276949 0.607765 -0.276503 0.615585 0.510322 0.196668 0.193954 -0.464620 0.505389 -0.955105 -0.345425 -0.637758 0.563510 0.956807 0.751697 -0.611987 0.217253 -0.206724 0.379938 0.122365 -0.298462 -0.154399 -0.327521 -0.597442 0.455684 0.303283 -0.557513 -0.367744 -0.947983 -0.210683 0.071094 -0.847047 -0.424625 0.233440 0.745389 0.725038 0.905863 -0.091477 0.178397 -0.221640 -0.636093 -0.925300 -0.598161 -0.266081 0.526382 -0.846047 -0.123928 -0.284570 0.027927 0.871151 0.564201 -0.766076 -0.122889 -1.000573 -0.470065 0.608679 0.834268 -0.207623 0.868685 0.135660 -1.124193 0.736407 0.182609 0.609824 -0.514852
-0.004443 0.168420 0.289607 -0.381122 -0.409211 0.429541 0.087457 0.434257 -1.004079 0.526219 -0.208017 -0.283556 -0.331865 1.140252 0.008157 -0.743246 1.173765 -0.130400 -0.412688 -0.103632 0.863053 -0.699340 0.522555 -0.363458 0.069853 0.035631 -0.090251 -0.897356 -0.384746 0.749891 -0.143983 0.173960 -0.671342 0.682502 0.122784 -0.613755 0.502935 0.162696 0.100342 -0.190297 -0.352808 -0.455764 0.084580 0.010119 -0.461538 0.205287 -0.328338 0.634224 -0.636783 0.136517 0.124266 -1.359685 0.019850 0.312492 0.227123 -0.089545 -0.523259 1.081379 0.078103 -0.258127 0.202443 -0.225018 0.148013 -0.888168 -0.100179
0.092814 -0.335269 0.271019 -0.533593 0.815032 0.655218 0.404185 0.597228 0.336340 0.347488 -0.265481 0.128927 -0.051213 0.316407 0.037668 -0.130171 0.598090 -0.112143 0.929740 0.223790 -0.069805 -0.762227 -0.307476 -0.058308 0.138147 0.197532 0.401219 0.324214 -0.208689 0.060199 -0.432665 -0.337989 0.462060 -0.506969 -0.208374 -0.352062 -0.043465 -0.253932 -0.613071 0.341447 -0.529023 -0.485397 -1.073460 -0.274892 -0.440593 0.161929 0.573424 0.051938 -0.750449 -0.147447 -0.006948 0.261664 0.121746 -0.273744 -0.278264 0.105721 1.106188 0.008341 -0.697720 0.129178 -0.441309 -0.104522 0.038282 0.040886 -0.037447
