33 47
0.356839 -0.473493 0.193028 0.196124 -0.050164 0.409360 0.045972 -0.399050 0.088020 -0.003970 -0.130951 -0.328178 0.069312 -0.373999 -0.610626 0.366941 -0.008974 0.349886 0.196804 0.592551 0.345527 0.082168 -0.126103 -0.289553 0.335584 0.701122 0.462073 0.366839 0.339954 0.314447 0.154756 -0.476797 0.154301 -0.175220 0.354163 0.210862 0.316033 -0.256180 0.108975 -0.782322 -0.059993 0.186215 0.682945 0.460359 -0.006741 -0.046009 0.783341
-0.456769 -0.095740 -0.271988 0.101587 -0.217769 0.062582 -0.406104 -0.344233 0.096040 -0.061732 -0.011169 0.469693 0.046782 -0.026781 0.118258 -0.544434 -0.021572 -0.166882 0.031941 -0.136121 -0.206105 0.063026 0.233108 -0.197150 -0.378890 -0.059642 0.014018 -0.453347 -0.196158 0.211793 -0.216524 -0.223773 0.623027 -0.295564 -0.309493 -0.336705 0.329840 0.314202 -0.047156 -0.032404 0.024792 -0.353260 -0.366586 0.159930 0.031901 0.004391 -0.636922
-0.203175 0.014220 0.018669 -0.340983 0.255674 0.276101 -0.033751 -0.112072 0.255053 0.090542 0.180395 0.122028 -0.134004 0.388304 0.060079 0.131872 0.262477 -0.084572 -0.102702 -0.441040 0.080066 -0.015772 -0.167219 -0.167268 0.434852 0.249480 0.002591 -0.132468 -0.202067 0.429784 -0.041554 -0.377116 -0.176443 -0.120740 0.079325 0.153862 0.193359 -0.035290 -0.001476 -0.144325 0.124975 0.097240 -0.360050 -0.381628 0.124817 0.481367 -0.133455
-0.279445 0.101002 -0.100194 -0.327927 0.094314 0.065623 -0.080944 0.101080 0.223972 -0.106161 -0.214289 -0.086778 0.340669 0.495884 -0.397442 0.353680 -0.037526 -0.120826 -0.532367 -0.498132 0.067621 0.025004 0.042080 0.100360 0.273599 0.410100 -0.104579 0.061524 0.122486 0.408183 -0.212960 -0.307258 -0.576278 -0.188296 -0.278434 -0.222933 -0.036122 0.149213 0.133392 -0.095159 0.416608 -0.081079 -0.569292 0.111764 -0.121641 -0.056385 0.044417
-0.060813 -0.083395 -0.699815 -0.026984 -0.059167 0.073740 -0.368405 0.344477 0.472925 -0.167613 -0.294260 0.083451 -0.033621 -0.251568 -0.528672 0.338712 -0.151182 -0.140365 0.105624 0.144424 -0.232327 -0.528483 -0.018133 0.022592 -0.351636 -0.016542 -0.175669 -0.078042 -0.055390 -0.314457 -0.210516 0.282178 -0.427178 -0.160978 0.097965 -0.013909 0.349054 0.188156 0.027657 -0.396778 0.224004 0.033678 -0.391544 0.202700 0.430741 -0.296137 0.298659
0.461372 0.011083 -0.344899 0.150830 0.037693 0.197761 -0.227978 0.542518 0.015403 0.465060 0.278655 0.015427 0.118454 0.197324 0.037818 0.276258 -0.255467 -0.005923 -0.157972 -0.227039 0.106445 -0.285160 -0.297177 0.036707 0.286666 -0.222324 0.370404 -0.058740 -0.625091 -0.108366 -0.263506 -0.086583 0.178136 0.248305 -0.357326 0.162956 0.195756 -0.028335 -0.308374 0.665721 0.119820 0.319481 0.680257 -0.005072 0.189172 0.114457 0.087801
0.297225 0.037365 -0.020350 -0.203575 0.179184 -0.263494 0.266112 -0.148628 -0.318855 -0.014161 -0.062208 0.173078 0.048396 -0.046290 -0.141899 0.189593 -0.082593 -0.053420 -0.007655 0.204054 0.153207 0.329186 0.048982 -0.172792 -0.024951 -0.363537 0.048788 -0.384391 -0.604118 0.009516 -0.208298 -0.212101 0.359852 -0.201628 -0.121607 0.334998 -0.360896 0.145602 0.168765 -0.528393 0.295801 -0.205847 -0.226097 0.214211 0.364925 -0.371078 -0.061655
0.556029 -0.217462 -0.060248 -0.317695 -0.154612 -0.080661 0.180550 -0.115962 0.015977 -0.112752 -0.141588 0.075045 -0.090386 0.172540 -0.287783 0.087832 0.037160 -0.050285 0.089265 0.377871 0.152395 -0.097482 0.069504 -0.226206 -0.126395 -0.175004 -0.000819 0.304609 0.224235 0.089659 -0.054724 -0.182572 -0.441557 -0.042824 -0.025596 -0.293731 -0.250540 -0.012211 0.080021 0.070103 0.257393 -0.310961 -0.400070 0.378485 0.061720 0.190884 -0.326344
-0.187776 -0.083639 -0.196974 -0.289827 0.019166 0.103410 -0.051822 -0.541501 0.024224 -0.165113 -0.155909 0.389088 -0.078244 -0.229182 -0.109225 0.380179 -0.052531 -0.083450 0.299984 -0.054750 -0.106705 0.214071 0.049755 -0.162571 -0.483986 0.398527 0.057414 0.021173 0.311549 0.048216 -0.190313 -0.404641 0.248729 0.098959 0.416898 -0.358883 0.402823 -0.052003 0.027602 0.017416 -0.180964 -0.124383 0.069911 0.141990 0.013775 -0.002786 -0.196916
0.138958 0.461626 -0.471795 -0.621698 -0.207938 -0.166649 -0.021298 -0.133075 -0.558160 0.083013 0.561680 0.387879 0.249291 -0.014069 -0.443758 0.000389 0.444698 0.153946 -0.484579 0.192876 -0.182762 0.425496 0.042628 -0.299216 0.443890 0.106966 -0.313616 0.236318 -0.049233 0.277530 -0.203776 -0.431598 0.014982 0.124595 0.516126 0.592101 0.309320 0.377982 0.268663 0.530685 0.202059 -0.319945 0.457135 -0.127345 0.078517 -0.102250 0.216975
0.033792 -0.456831 0.295293 -0.099094 0.455637 -0.404004 -0.448873 0.025629 -0.224203 0.190334 -0.189763 0.065542 0.001614 0.300703 0.150771 0.030960 -0.290291 0.029961 -0.393352 0.309931 0.313995 -0.025610 0.282837 0.329463 0.520757 0.373140 0.151560 0.022527 0.161127 -0.059728 -0.340676 -0.182847 -0.079112 -0.025929 -0.366067 0.181205 -0.272715 0.021126 -0.464341 -0.218695 0.356440 -0.075912 -0.711892 -0.065781 -0.120555 -0.155416 0.491581
-0.449394 0.134351 0.459432 0.282941 0.265915 -0.201191 -0.162083 -0.496276 0.000627 -0.106340 -0.057620 -0.065844 0.043032 -0.130557 0.198162 -0.043519 0.118808 0.453947 -0.043196 -0.272928 -0.373684 -0.121399 0.200496 -0.057173 -0.282512 0.045573 0.202099 -0.264849 -0.027312 -0.260107 -0.110906 0.170828 -0.057540 0.305989 0.119143 -0.016877 -0.047214 -0.059799 -0.059843 -0.177881 0.212882 0.068733 -0.122444 -0.240184 0.208864 0.192774 0.164338
-0.084029 0.112492 0.139717 0.270049 0.281643 -0.145685 -0.270080 -0.367695 0.326155 -0.439051 0.206743 -0.125416 -0.041269 -0.077355 0.707969 -0.201921 0.176686 0.353274 -0.128013 0.055487 0.009162 -0.294315 -0.217109 -0.046748 0.190876 0.067849 0.178806 0.190953 0.037451 0.184369 -0.006574 0.064489 -0.264533 0.173634 -0.032305 -0.388585 0.467854 -0.315180 -0.372532 -0.378285 -0.008502 0.250403 0.166650 -0.608676 -0.258140 -0.137198 -0.063142
0.294386 -0.204159 -0.568866 0.491254 0.033649 -0.208732 -0.171136 0.170769 0.491726 0.206123 0.034553 0.346595 0.263226 0.244368 0.413048 -0.304895 -0.369279 -0.175886 -0.082587 -0.163424 -0.299282 0.251556 -0.337810 -0.229219 -0.438956 -0.211086 -0.221510 -0.352832 0.116928 0.149004 0.187029 0.025172 -0.421848 0.194915 0.277685 0.568765 -0.015013 -0.258751 -0.133731 -0.635112 0.205117 0.222449 0.022586 -0.192585 -0.491663 -0.143494 -0.324825
0.233268 -0.118288 -0.108137 0.326756 -0.279912 -0.005034 -0.014424 -0.565567 0.711732 0.078941 -0.618482 -0.409770 -0.504006 0.097421 0.257528 -0.362403 0.188651 0.003548 -0.255574 -0.305786 -0.137779 -0.014738 -0.194913 0.280602 0.063423 -0.145905 0.040007 -0.187781 -0.515462 -0.372419 0.192676 -0.023797 0.182497 -0.397671 -0.352589 0.209250 -0.024088 0.229879 -0.350789 0.215380 0.338483 -0.035482 -0.350250 0.461244 -0.056115 -0.273495 -0.652365
-0.209880 0.371046 0.454842 -0.194188 0.038992 0.314584 -0.257062 -0.179288 0.344697 0.010143 0.067071 -0.247878 -0.021693 0.021543 -0.110806 -0.233115 0.328603 0.038688 0.268319 -0.105731 -0.140532 0.249031 -0.174851 -0.327865 -0.523761 -0.089874 0.248341 0.199717 -0.236202 0.166387 0.469733 -0.121263 0.018110 0.203746 0.155067 0.542422 0.086110 0.367514 0.320635 -0.024841 -0.115424 -0.024539 0.018668 0.097959 0.007837 0.377116 0.467136
-0.040329 -0.000925 -0.147433 0.320706 -0.184607 -0.136315 -0.257611 0.316701 0.284080 0.138330 0.029905 -0.184038 0.081921 0.032769 0.168038 0.098248 -0.007577 -0.067332 -0.321178 0.094551 0.157420 -0.283896 -0.460618 0.089535 -0.229103 -0.171590 0.224438 0.220585 -0.168980 -0.135405 0.200223 0.209039 0.235575 0.135333 0.188558 0.120196 0.141819 -0.009300 0.268371 0.083058 0.039167 -0.105065 0.175776 0.036850 -0.424911 0.097249 -0.175533
-0.369547 -0.152264 -0.005180 0.084755 0.146885 -0.238250 -0.403570 -0.449201 -0.227962 -0.094937 -0.226880 0.009061 -0.118842 -0.139503 -0.212658 -0.205594 -0.045323 0.192602 0.266138 -0.345771 -0.121221 -0.001232 -0.188206 -0.095510 -0.088885 0.483965 -0.005433 0.233460 -0.095542 -0.195797 -0.093667 -0.097954 0.160624 0.236040 -0.321299 0.135338 -0.179963 -0.311562 -0.080876 -0.592707 -0.063709 0.091787 -0.165448 0.361473 0.064270 -0.060226 -0.074175
-0.190107 0.053398 -0.131500 -0.200789 -0.093250 0.234924 -0.207623 0.056419 0.260938 0.209951 0.308707 -0.048059 -0.317179 -0.221763 0.564422 -0.012166 0.006147 0.376252 0.101807 -0.034397 -0.322541 -0.413649 0.234286 -0.138981 -0.173183 -0.360131 -0.077757 0.511465 -0.499325 0.627197 0.231539 -0.151340 0.056918 -0.485973 0.238348 0.192351 -0.083946 -0.309852 0.113893 -0.265740 -0.049565 0.324550 0.699545 0.150032 0.320563 0.380678 -0.629231
0.486196 0.298080 -0.090560 -0.146572 0.262573 -0.355335 -0.209615 0.050913 -0.177906 -0.174104 0.039062 0.486008 0.425529 0.047958 -0.145853 -0.270478 -0.497278 -0.543263 -0.270948 -0.052570 -0.170586 -0.466751 0.352539 0.077575 0.309415 -0.038751 -0.301785 0.117092 0.138577 -0.280267 -0.574304 0.141289 -0.436037 0.235936 -0.031142 -0.567985 0.161510 0.487372 0.393297 0.235317 0.157637 -0.046319 -0.235798 0.416640 -0.209185 -0.342275 0.291840
0.003988 -0.003277 0.285894 -0.098753 -0.357153 0.182360 -0.111117 -0.492924 -0.079846 0.172941 0.340670 -0.145042 0.406903 0.160063 0.011416 -0.402250 -0.426436 0.107583 -0.084128 0.133677 0.043624 0.146740 -0.283619 0.105400 0.199055 -0.073269 -0.654885 -0.061151 0.176732 -0.041340 0.197002 -0.095060 0.328076 0.330108 0.238315 -0.363912 0.245325 0.176971 -0.016281 0.094855 0.117620 -0.033014 -0.462675 -0.038809 0.010402 -0.067124 0.082087
-0.006049 -0.027472 0.106759 0.323096 -0.418575 0.353920 -0.158703 -0.194354 -0.200938 0.007809 0.518988 -0.095165 0.132133 0.559100 0.044357 -0.136180 -0.420674 0.412243 0.172796 0.038197 0.218392 0.205365 -0.269350 -0.132109 0.003658 0.016414 -0.114359 -0.069999 0.330318 -0.173986 -0.388618 -0.195770 0.323714 0.093882 -0.066687 0.207130 0.011805 -0.064538 0.069639 0.256940 0.010927 0.232899 -0.219364 0.006010 -0.124383 0.116200 -0.427704
-0.370365 -0.202450 -0.305676 0.588842 -0.316468 0.468095 -0.033370 0.363314 0.107746 -0.426143 0.081272 -0.197604 0.297354 0.021020 0.033873 -0.131481 -0.387937 0.094249 0.329412 0.064132 0.133203 -0.162694 0.326250 -0.258029 0.196266 -0.522227 -0.241726 -0.101171 -0.215983 0.114304 -0.409215 -0.162093 -0.156775 0.003767 0.469394 0.493857 -0.117798 -0.348757 0.332386 -0.218364 -0.317009 0.247316 0.230943 0.304247 0.101638 0.070095 -0.358558
-0.023095 -0.080872 -0.225079 0.303237 0.024239 0.569444 -0.061964 -0.260822 -0.475236 0.145920 -0.377656 0.611764 0.466011 -0.059892 -0.464411 -0.192735 -0.197869 -0.340597 0.261335 -0.089652 0.052940 0.271260 0.170548 0.042934 0.089348 0.125778 0.554358 0.243165 -0.518251 0.142743 -0.185407 0.526203 0.426338 -0.352337 -0.223102 -0.076847 0.117962 -0.049293 -0.459348 0.061037 -0.215602 0.079535 0.206267 0.507689 0.191608 0.529567 -0.151958
-0.116857 -0.130639 -0.301608 -0.293582 -0.147979 0.060539 0.370439 -0.140369 0.292280 0.211605 -0.102775 0.322312 0.051731 0.046648 0.187202 -0.137045 0.412736 0.282429 -0.156312 0.078404 0.093740 -0.188790 -0.189994 0.263812 0.214425 0.418431 -0.289236 0.074632 0.038003 0.046616 -0.254804 -0.039999 -0.009257 0.425921 0.272734 -0.045864 -0.076122 -0.043143 0.016058 0.518689 0.198592 0.074041 -0.175912 0.184274 0.243138 0.005293 0.548525
-0.339702 -0.083424 0.079820 -0.065019 0.043528 0.067223 -0.316645 0.209392 0.037159 0.178878 0.430244 0.143687 0.174187 -0.135807 0.194792 0.044895 -0.012984 -0.203411 -0.385413 -0.253626 0.246405 -0.075873 -0.065353 0.129021 -0.270758 0.272711 0.046108 -0.101758 -0.100123 -0.167916 -0.530410 -0.275917 0.295932 -0.070649 0.029291 0.084645 -0.048758 0.115639 0.042889 0.378638 0.164548 0.124393 0.235808 -0.099873 -0.023235 -0.131589 -0.240360
-0.019241 0.616549 0.108935 -0.157654 0.268047 0.184351 0.355874 0.284944 0.389619 0.264139 0.411644 -0.364432 0.320274 0.054705 0.091111 0.329294 -0.042609 0.197462 0.043165 0.111148 -0.242618 0.091766 0.343876 0.250118 0.070475 -0.030371 0.171174 -0.305509 0.121736 0.019248 -0.278188 -0.105884 0.357132 0.002713 -0.137780 0.338157 0.068342 0.133644 -0.258528 0.323312 -0.127535 0.241569 0.052094 0.004137 0.348277 0.085516 -0.300526
0.630074 0.243051 -0.045641 0.388187 -0.116285 0.157305 0.211312 0.065207 -0.228494 0.525551 0.053241 0.241864 -0.068277 0.187541 0.134521 -0.260473 -0.059306 0.294633 0.259612 -0.342434 -0.227397 -0.310427 -0.244265 -0.119595 0.484283 0.243999 0.480138 0.007265 -0.008639 -0.098225 -0.025495 0.063736 0.588737 0.111142 -0.382132 -0.187525 0.055649 -0.217164 -0.037590 -0.523575 -0.268232 -0.186293 0.055630 -0.035369 0.027708 0.032090 -0.458063
-0.002675 -0.255971 -0.025177 0.206878 0.202861 -0.013632 0.048651 -0.287854 0.296571 -0.207108 -0.258013 0.133714 -0.016672 0.067521 -0.286491 -0.141077 0.293788 0.452934 -0.021840 0.328830 0.264110 -0.280507 0.679617 0.184868 0.055290 0.324219 0.375871 0.235377 0.460389 -0.183596 0.416225 0.594389 0.526345 -0.191983 -0.025650 0.401908 0.281700 0.201894 0.308179 -0.441391 0.235221 -0.184138 -0.013485 -0.640856 -0.361602 -0.061613 0.180716
0.576592 0.111502 0.076215 -0.028332 0.114241 0.830898 0.564749 0.157375 0.200939 0.228270 0.386542 -0.134796 0.108480 -0.175391 -0.508250 0.031279 -0.207996 -0.383787 -0.125320 -0.221860 -0.338300 0.439572 -0.029522 0.025397 0.028940 -0.103344 0.152549 -0.255089 -0.217256 0.153967 0.213760 0.175239 0.333219 -0.086064 0.232307 0.225161 0.293710 0.202050 0.347659 0.297402 -0.187801 0.043506 0.139369 -0.311638 0.011457 -0.352099 0.162350
0.630931 0.120871 0.107397 -0.119504 0.495038 0.519534 0.226345 -0.196896 -0.183485 -0.073939 0.155800 -0.179738 -0.116763 0.048635 -0.099637 0.018970 0.210127 0.027876 -0.133443 -0.537241 -0.186052 -0.144852 0.144766 0.174692 0.056057 0.161360 0.151542 -0.219367 0.042568 -0.198601 -0.007418 -0.218894 0.125886 -0.173474 0.191081 0.251291 -0.200188 -0.269839 -0.169655 -0.077144 -0.120723 -0.231982 -0.179256 -0.252366 -0.019385 -0.146202 0.303438
0.382161 0.185708 0.140738 0.207221 0.492929 0.323103 0.394110 -0.240094 -0.218494 0.150917 -0.015678 -0.051978 0.165728 -0.010330 -0.092550 0.240932 0.244171 0.066815 0.146197 -0.210831 -0.411856 0.323658 -0.299402 -0.001178 -0.125000 0.253708 0.113756 0.082501 0.447244 0.410554 0.075474 0.191252 -0.004605 -0.332582 0.291706 -0.320567 -0.144953 0.095884 0.141738 0.425178 0.115077 -0.312284 0.006292 -0.220896 0.142044 -0.224178 0.333661
-0.600620 0.080741 0.198883 0.109483 -0.180525 0.102765 -0.345427 0.295049 -0.239364 0.401408 0.693903 -0.194444 -0.057037 -0.306556 -0.372733 0.157236 0.077705 0.259723 -0.066604 0.029639 -0.319332 0.235583 -0.328472 -0.142733 0.358541 0.272532 0.093396 0.128848 0.152610 -0.282446 -0.267416 -0.158852 0.394327 0.346009 -0.082889 0.403111 0.088852 0.382862 0.465088 0.155457 0.214382 -0.259438 0.543338 -0.253659 -0.350289 0.220939 0.202745
